Year,Month,Conc
1986,1,NaN
1986,2,0.0752192437648773
1986,3,0.0628820359706879
1986,4,0.0946757942438126
1986,5,0.0732364133000374
1986,6,0.0947124809026718
1986,7,0.0830376669764519
1986,8,0.093115009367466
1986,9,0.136164948344231
1986,10,0.072984367609024
1986,11,0.0736392661929131
1986,12,0.0831719562411308
1987,1,0.0731473565101624
1987,2,0.0527679063379765
1987,3,0.0731953531503677
1987,4,0.0632694959640503
1987,5,0.0629521757364273
1987,6,0.094399519264698
1987,7,0.0831622704863548
1987,8,0.113633885979652
1987,9,0.0841436088085175
1987,10,0.0729078650474548
1987,11,0.0841543450951576
1987,12,0.113609366118908
1988,1,0.0630058646202087
1988,2,0.0745930522680283
1988,3,0.0833850279450417
1988,4,0.0738218352198601
1988,5,0.0632192343473434
1988,6,0.0642450004816055
1988,7,0.106685243546963
1988,8,0.117197021842003
1988,9,0.0870104059576988
1988,10,0.0960500463843346
1988,11,0.0979562029242516
1988,12,0.0859875455498695
1989,1,0.0758889317512512
1989,2,0.0809780806303024
1989,3,0.101860374212265
1989,4,0.0807964727282524
1989,5,0.0908872038125992
1989,6,0.114434778690338
1989,7,0.0911143496632576
1989,8,0.0909769088029861
1989,9,0.103467039763927
1989,10,0.080630362033844
1989,11,0.104622825980186
1989,12,0.0701623558998108
1990,1,0.0822819098830223
1990,2,0.135198056697845
1990,3,0.116694629192352
1990,4,0.10688728839159
1990,5,0.13896244764328
1990,6,0.176668971776962
1990,7,0.105325542390347
1990,8,0.126643240451813
1990,9,0.105659544467926
1990,10,0.125531733036041
1990,11,0.125272542238235
1990,12,0.166429549455643
1991,1,0.100727543234825
1991,2,0.0934528112411499
1991,3,0.133541315793991
1991,4,0.136045530438423
1991,5,0.176380932331085
1991,6,0.121645234525204
1991,7,0.238339185714722
1991,8,0.446221351623535
1991,9,0.445384830236435
1991,10,0.491093754768372
1991,11,0.405715763568878
1991,12,0.402680158615112
1992,1,0.4020676612854
1992,2,0.402396470308304
1992,3,0.411497294902802
1992,4,0.405242264270782
1992,5,0.441512614488602
1992,6,0.480392903089523
1992,7,0.643474042415619
1992,8,0.446851313114166
1992,9,0.569199204444885
1992,10,0.518720984458923
1992,11,0.565281212329865
1992,12,0.517099738121033
1993,1,0.674300789833069
1993,2,0.433993428945541
1993,3,0.509679794311523
1993,4,0.478130638599396
1993,5,0.426703244447708
1993,6,0.158666133880615
1993,7,0.155500501394272
1993,8,0.121856570243835
1993,9,0.124147430062294
1993,10,0.122205652296543
1993,11,0.15714368224144
1993,12,0.0906601175665855
1994,1,0.121612422168255
1994,2,0.106244161725044
1994,3,0.111908614635468
1994,4,0.128039315342903
1994,5,0.0608940869569778
1994,6,0.0711179301142693
1994,7,0.11071902513504
1994,8,0.0804479494690895
1994,9,0.0593686476349831
1994,10,0.0807026550173759
1994,11,0.0812279209494591
1994,12,0.111546993255615
1995,1,0.0902698114514351
1995,2,0.0821550562977791
1995,3,0.0927354916930199
1995,4,0.168652683496475
1995,5,0.133686035871506
1995,6,0.103593781590462
1995,7,0.135232597589493
1995,8,0.129391774535179
1995,9,0.0842954441905022
1995,10,0.0832410082221031
1995,11,0.140068724751472
1995,12,0.0951734259724617
1996,1,0.103440351784229
1996,2,0.0625714361667633
1996,3,0.0613505728542805
1996,4,0.0732477083802223
1996,5,0.0551496259868145
1996,6,0.0571904890239239
1996,7,0.0553678274154663
1996,8,0.0531380474567413
1996,9,0.0552135184407234
1996,10,0.0501637309789658
1996,11,0.0501637309789658
1996,12,0.0489471741020679
1997,1,0.0578764565289021
1997,2,0.0483721643686295
1997,3,0.0476498380303383
1997,4,0.0475262850522995
1997,5,0.0472568348050117
1997,6,0.0458958186209202
1997,7,0.0460298284888268
1997,8,0.0455261021852493
1997,9,0.0453626289963722
1997,10,0.0453070290386677
1997,11,0.0466623418033123
1997,12,0.0522214099764824
1998,1,0.0590551793575287
1998,2,0.0545522645115852
1998,3,0.0701859220862389
1998,4,0.0611752197146416
1998,5,0.0604462660849094
1998,6,0.152103990316391
1998,7,0.162506550550461
1998,8,0.178499564528465
1998,9,0.146657019853592
1998,10,0.210621565580368
1998,11,0.226739570498466
1998,12,0.357537657022476
1999,1,0.215409830212593
1999,2,0.215188458561897
1999,3,0.190339863300323
1999,4,0.172205254435539
1999,5,0.0696626454591751
1999,6,0.0668552368879318
1999,7,0.0632264018058777
1999,8,0.0872091576457024
1999,9,0.0857274010777473
1999,10,0.147765576839447
1999,11,0.152936190366745
1999,12,0.172303646802902
2000,1,1.58663976192474
2000,2,2.02135348320007
2000,3,2.72694516181946
2000,4,2.7116687297821
2000,5,2.49263978004456
2000,6,2.76870775222778
2000,7,2.76435542106628
2000,8,2.75935411453247
2000,9,2.72939848899841
2000,10,2.72344160079956
2000,11,2.70186352729797
2000,12,2.67479944229126
2001,1,2.61785864830017
2001,2,2.63189673423767
2001,3,2.6235191822052
2001,4,2.63062858581543
2001,5,2.61988162994385
2001,6,2.63407874107361
2001,7,2.68922448158264
2001,8,2.76111912727356
2001,9,3.00419521331787
2001,10,3.17264413833618
2001,11,3.24963593482971
2001,12,3.2668092250824
2002,1,3.30705952644348
2002,2,3.3734302520752
2002,3,3.43746089935303
2002,4,3.45945882797241
2002,5,3.47577095031738
2002,6,3.47962188720703
2002,7,3.4906485080719
2002,8,3.49925851821899
2002,9,3.61502289772034
2002,10,3.72589659690857
2002,11,3.80377531051636
2002,12,3.8228862285614
2003,1,3.83912253379822
2003,2,3.86010980606079
2003,3,3.86530804634094
2003,4,3.84837865829468
2003,5,3.86998629570007
2003,6,3.8694052696228
2003,7,2.90884256362915
2003,8,2.64672756195068
2003,9,2.65977644920349
2003,10,2.70219111442566
2003,11,2.7977557182312
2003,12,2.82343697547913
2004,1,2.81994247436523
2004,2,2.82480812072754
2004,3,2.80987286567688
2004,4,2.81433701515198
2004,5,2.77638220787048
2004,6,2.78733491897583
2004,7,2.7598922252655
2004,8,2.75059580802917
2004,9,2.75897312164307
2004,10,2.73441648483276
2004,11,2.71505689620972
2004,12,2.71467447280884
2005,1,2.7009289264679
2005,2,2.70214486122131
2005,3,2.7093985080719
2005,4,2.70488047599792
2005,5,2.69097924232483
2005,6,2.69276523590088
2005,7,2.67931509017944
2005,8,2.6951470375061
2005,9,2.69146680831909
2005,10,2.69883704185486
2005,11,2.6745765209198
2005,12,2.68586373329163
2006,1,2.66609120368958
2006,2,2.61462950706482
2006,3,2.53190493583679
2006,4,2.53989911079407
2006,5,2.53315305709839
2006,6,2.53149628639221
2006,7,2.50336384773254
2006,8,2.46244645118713
2006,9,2.46327805519104
2006,10,2.4469165802002
2006,11,2.45501494407654
2006,12,2.45362305641174
2007,1,2.45216035842896
2007,2,2.45038270950317
2007,3,2.44251894950867
2007,4,2.45149946212769
2007,5,2.45219588279724
2007,6,2.4464123249054
2007,7,2.4438374042511
2007,8,2.42649698257446
2007,9,2.42954850196838
2007,10,2.41978049278259
2007,11,2.40893626213074
2007,12,2.4037127494812
2008,1,2.39972591400146
2008,2,2.39800524711609
2008,3,2.38691759109497
2008,4,2.38996553421021
2008,5,2.38935947418213
2008,6,2.37697339057922
2008,7,2.38280892372131
2008,8,2.38865041732788
2008,9,2.38743042945862
2008,10,2.38700842857361
2008,11,2.38636803627014
2008,12,2.37796330451965
2009,1,2.37889313697815
2009,2,2.37505125999451
2009,3,2.37387824058533
2009,4,2.36999583244324
2009,5,2.37743926048279
2009,6,2.36462259292603
2009,7,2.3844678401947
2009,8,2.38957023620605
2009,9,2.40116691589355
2009,10,2.389981508255
2009,11,2.40146565437317
2009,12,2.39849162101746
2010,1,2.40415835380554
2010,2,2.40321922302246
2010,3,2.39767789840698
2010,4,2.38821506500244
2010,5,2.38074684143066
2010,6,2.3732271194458
2010,7,2.33377575874329
2010,8,2.20910859107971
2010,9,2.18491172790527
2010,10,2.18188905715942
2010,11,2.17352366447449
2010,12,2.15977907180786
2011,1,2.15569591522217
2011,2,2.0440080165863
2011,3,2.04708528518677
2011,4,2.01472854614258
2011,5,1.96156537532806
2011,6,1.94662749767303
2011,7,1.91198754310608
2011,8,1.5202739238739
2011,9,1.25518023967743
2011,10,1.14446175098419
2011,11,0.988476574420929
2011,12,1.01635241508484
2012,1,1.00342071056366
2012,2,0.984776139259338
2012,3,0.958873927593231
2012,4,0.946654975414276
2012,5,0.940079629421234
2012,6,0.932708203792572
2012,7,0.864075481891632
2012,8,0.756148517131805
2012,9,0.831727802753448
2012,10,0.863982737064362
2012,11,0.910952985286713
2012,12,0.895603835582733
2013,1,0.890215992927551
2013,2,0.860704004764557
2013,3,0.710531949996948
2013,4,0.529779553413391
2013,5,0.53915923833847
2013,6,0.312605082988739
2013,7,0.55527251958847
2013,8,0.654929459095001
2013,9,0.377372622489929
2013,10,0.30830329656601
2013,11,0.158543691039085
2013,12,0.522864818572998
2014,1,0.58329176902771
2014,2,0.347858399152756
2014,3,0.29455953836441
2014,4,0.283691436052322
2014,5,0.340936452150345
2014,6,0.116473451256752
2014,7,0.0237346291542053
2014,8,0.0233720391988754
2014,9,0.0223389212042093
2014,10,0.0215096715837717
2014,11,0.0210482366383076
2014,12,0.0203848350793123
2015,1,0.016278974711895
2015,2,0.0044699227437377
2015,3,0.00811002496629953
2015,4,0.0147140920162201
2015,5,0.0175957977771759
2015,6,0.0153442276641726
2015,7,0.0195009354501963
2015,8,0.0187757574021816
2015,9,0.0171182043850422
2015,10,0.0158721916377544
2015,11,0
2015,12,0
2016,1,0.00733494805172086
2016,2,0.00285010365769267
2016,3,0
2016,4,0.00748179014772177
2016,5,0.0197618287056684
2016,6,0.0197181086987257
2016,7,0.0177635494619608
2016,8,0.0183922592550516
2016,9,0.0162770748138428
2016,10,0.0183542408049107
2016,11,0.0174898244440556
2016,12,0.0175558794289827
2017,1,0.0162485614418983
2017,2,0.0194035153836012
2017,3,0.0155690042302012
2017,4,0.0154273901134729
2017,5,0.0174845959991217
2017,6,0.0187187306582928
2017,7,0.0077612167224288
2017,8,0
2017,9,0
2017,10,0
2017,11,0
2017,12,0
2018,1,0
2018,2,0
2018,3,0
2018,4,0
2018,5,0
2018,6,0
2018,7,0
2018,8,0
2018,9,0
2018,10,0
2018,11,0
2018,12,0
2019,1,0
2019,2,0
2019,3,0
2019,4,0
2019,5,0
2019,6,0
2019,7,0
2019,8,0
2019,9,0
2019,10,0
2019,11,0
2019,12,0
2020,1,0
2020,2,0
2020,3,0
2020,4,0
2020,5,0
2020,6,0
2020,7,0
2020,8,0
2020,9,0
2020,10,0
2020,11,0
2020,12,NaN
