Year,Month,Conc
1986,1,NaN
1986,2,7.16538619995117
1986,3,7.15759944915771
1986,4,7.15847015380859
1986,5,7.16568946838379
1986,6,7.1855297088623
1986,7,7.16272306442261
1986,8,7.16776514053345
1986,9,7.20088148117065
1986,10,7.1548023223877
1986,11,7.15805006027222
1986,12,7.14729881286621
1987,1,7.15829753875732
1987,2,7.13955688476562
1987,3,7.15593385696411
1987,4,7.15299129486084
1987,5,7.15429067611694
1987,6,7.16102504730225
1987,7,7.16379499435425
1987,8,7.19366502761841
1987,9,7.17746639251709
1987,10,7.16107034683228
1987,11,7.16273164749146
1987,12,7.18450498580933
1988,1,7.14611196517944
1988,2,7.14817094802856
1988,3,7.14204216003418
1988,4,7.13606834411621
1988,5,7.12625646591187
1988,6,7.12477779388428
1988,7,7.15904712677002
1988,8,7.12823438644409
1988,9,7.10877227783203
1988,10,7.11940288543701
1988,11,7.12700843811035
1988,12,7.12464952468872
1989,1,7.12651968002319
1989,2,7.09138917922974
1989,3,7.10262060165405
1989,4,7.17318534851074
1989,5,7.17792940139771
1989,6,7.19458055496216
1989,7,7.21360015869141
1989,8,7.20865774154663
1989,9,7.20625114440918
1989,10,7.2285008430481
1989,11,7.27679395675659
1989,12,7.26000642776489
1990,1,7.30512046813965
1990,2,7.33704090118408
1990,3,7.30978631973267
1990,4,7.31438112258911
1990,5,7.4019079208374
1990,6,7.43766212463379
1990,7,7.41865873336792
1990,8,7.4444637298584
1990,9,7.43129062652588
1990,10,7.44849634170532
1990,11,7.44501733779907
1990,12,7.4551305770874
1991,1,7.40892648696899
1991,2,7.42605257034302
1991,3,7.45935106277466
1991,4,7.45187759399414
1991,5,7.43175554275513
1991,6,7.40849113464355
1991,7,7.41748380661011
1991,8,7.39978837966919
1991,9,7.30258083343506
1991,10,7.32453203201294
1991,11,7.30448246002197
1991,12,7.3090558052063
1992,1,7.30110025405884
1992,2,7.29681873321533
1992,3,7.31388521194458
1992,4,7.32825660705566
1992,5,7.3265380859375
1992,6,7.33482456207275
1992,7,7.37473344802856
1992,8,7.34588289260864
1992,9,7.35724639892578
1992,10,7.33464002609253
1992,11,7.31872892379761
1992,12,7.27893447875977
1993,1,7.29736518859863
1993,2,7.2151665687561
1993,3,7.21191358566284
1993,4,7.24361896514893
1993,5,7.20412492752075
1993,6,7.23907470703125
1993,7,7.23843717575073
1993,8,7.21525144577026
1993,9,7.23746061325073
1993,10,7.21936273574829
1993,11,7.22755527496338
1993,12,7.20760536193848
1994,1,7.24632453918457
1994,2,7.22044897079468
1994,3,7.22633075714111
1994,4,7.2490348815918
1994,5,7.2062554359436
1994,6,7.22648954391479
1994,7,7.22216749191284
1994,8,7.22220945358276
1994,9,7.17489862442017
1994,10,7.18383026123047
1994,11,7.20625066757202
1994,12,7.21682548522949
1995,1,7.22423791885376
1995,2,7.19651126861572
1995,3,7.20433855056763
1995,4,7.2328085899353
1995,5,7.22845458984375
1995,6,7.2118935585022
1995,7,7.22809982299805
1995,8,7.23612213134766
1995,9,7.19375038146973
1995,10,7.22623443603516
1995,11,7.24899864196777
1995,12,7.23207664489746
1996,1,7.25808143615723
1996,2,7.25226259231567
1996,3,7.23924350738525
1996,4,7.26432800292969
1996,5,7.26276731491089
1996,6,7.26853561401367
1996,7,7.23868608474731
1996,8,7.24945878982544
1996,9,7.28661966323853
1996,10,7.25916576385498
1996,11,7.31475830078125
1996,12,7.31060314178467
1997,1,7.31876802444458
1997,2,7.29557943344116
1997,3,7.29735517501831
1997,4,7.27657556533813
1997,5,7.33169937133789
1997,6,7.33535194396973
1997,7,7.33052921295166
1997,8,7.35004615783691
1997,9,7.37349510192871
1997,10,7.36673069000244
1997,11,7.37035083770752
1997,12,7.39394092559814
1998,1,7.38930988311768
1998,2,7.39740324020386
1998,3,7.42157936096191
1998,4,7.46199607849121
1998,5,7.44028949737549
1998,6,7.54000663757324
1998,7,7.56936120986938
1998,8,7.61327886581421
1998,9,7.57767057418823
1998,10,7.57721948623657
1998,11,7.52602863311768
1998,12,7.48235511779785
1999,1,7.52057123184204
1999,2,7.45156860351562
1999,3,7.43237495422363
1999,4,7.45145225524902
1999,5,7.4009838104248
1999,6,7.51085376739502
1999,7,7.51594066619873
1999,8,7.5149097442627
1999,9,7.52894735336304
1999,10,7.58600378036499
1999,11,7.59380292892456
1999,12,7.64241743087769
2000,1,7.7486834526062
2000,2,7.79179620742798
2000,3,8.12527656555176
2000,4,8.35472869873047
2000,5,8.33872699737549
2000,6,8.30341339111328
2000,7,8.26465320587158
2000,8,8.28756523132324
2000,9,8.2728853225708
2000,10,8.31894111633301
2000,11,8.1650505065918
2000,12,7.89674806594849
2001,1,7.75553703308105
2001,2,7.80386209487915
2001,3,7.82630157470703
2001,4,7.78361749649048
2001,5,7.73906230926514
2001,6,7.70743846893311
2001,7,7.68753671646118
2001,8,7.49606132507324
2001,9,7.35458517074585
2001,10,7.27003908157349
2001,11,6.8598952293396
2001,12,6.78700971603394
2002,1,6.74191951751709
2002,2,6.63708543777466
2002,3,6.58837223052979
2002,4,6.59357070922852
2002,5,6.62228536605835
2002,6,6.58580684661865
2002,7,6.58938837051392
2002,8,6.63771915435791
2002,9,6.64859533309937
2002,10,6.66463375091553
2002,11,6.68383407592773
2002,12,6.67891120910645
2003,1,6.67697477340698
2003,2,6.63959360122681
2003,3,9.72267913818359
2003,4,33.694766998291
2003,5,34.3836441040039
2003,6,34.4044456481934
2003,7,30.9710254669189
2003,8,31.2023696899414
2003,9,32.057746887207
2003,10,33.931396484375
2003,11,34.096118927002
2003,12,34.1319694519043
2004,1,34.1155738830566
2004,2,33.982234954834
2004,3,34.0118827819824
2004,4,33.9381713867188
2004,5,33.8275909423828
2004,6,33.5258712768555
2004,7,33.2838363647461
2004,8,33.2561187744141
2004,9,32.9725036621094
2004,10,32.9000625610352
2004,11,32.716121673584
2004,12,32.339038848877
2005,1,32.7978515625
2005,2,32.9609718322754
2005,3,32.5946350097656
2005,4,32.5061073303223
2005,5,31.7656002044678
2005,6,31.3259582519531
2005,7,31.1294574737549
2005,8,30.6876583099365
2005,9,30.3225898742676
2005,10,30.1425361633301
2005,11,30.0995426177979
2005,12,28.8351669311523
2006,1,28.4240341186523
2006,2,28.7082023620605
2006,3,29.6445980072021
2006,4,29.4611263275146
2006,5,29.4847965240479
2006,6,29.4705600738525
2006,7,29.3841228485107
2006,8,29.2839870452881
2006,9,29.3418159484863
2006,10,29.3356895446777
2006,11,29.2869930267334
2006,12,29.0101871490479
2007,1,28.9337043762207
2007,2,28.9284362792969
2007,3,28.73996925354
2007,4,28.7981147766113
2007,5,27.8556385040283
2007,6,26.7457084655762
2007,7,27.5413837432861
2007,8,27.4414691925049
2007,9,23.2418518066406
2007,10,23.2039775848389
2007,11,22.9536514282227
2007,12,23.2202739715576
2008,1,22.8558177947998
2008,2,22.6216506958008
2008,3,22.2917137145996
2008,4,21.8524570465088
2008,5,22.0102348327637
2008,6,22.7915515899658
2008,7,22.3243370056152
2008,8,22.8079986572266
2008,9,24.9149150848389
2008,10,24.8274745941162
2008,11,24.9951877593994
2008,12,25.0081348419189
2009,1,24.1177635192871
2009,2,21.4233665466309
2009,3,21.0845184326172
2009,4,21.0674991607666
2009,5,21.0625133514404
2009,6,21.0770492553711
2009,7,20.9901180267334
2009,8,15.7446937561035
2009,9,14.908673286438
2009,10,15.2592897415161
2009,11,20.4733581542969
2009,12,20.7621803283691
2010,1,17.9779529571533
2010,2,10.5886831283569
2010,3,10.7956190109253
2010,4,10.6323127746582
2010,5,9.20158863067627
2010,6,10.0281248092651
2010,7,8.03565406799316
2010,8,5.60142040252686
2010,9,5.61407375335693
2010,10,5.62824296951294
2010,11,5.6429295539856
2010,12,6.20581340789795
2011,1,6.56500482559204
2011,2,7.6327691078186
2011,3,6.51820945739746
2011,4,6.9371976852417
2011,5,7.15893316268921
2011,6,12.8611164093018
2011,7,23.780237197876
2011,8,21.2747497558594
2011,9,20.3297672271729
2011,10,20.0451736450195
2011,11,19.8644409179688
2011,12,19.6023368835449
2012,1,19.5484180450439
2012,2,19.5827884674072
2012,3,19.6159515380859
2012,4,19.6413307189941
2012,5,19.2866477966309
2012,6,19.0085849761963
2012,7,18.9692859649658
2012,8,18.9525585174561
2012,9,18.9344387054443
2012,10,18.9124584197998
2012,11,18.8778743743896
2012,12,18.8422317504883
2013,1,18.865198135376
2013,2,18.8328437805176
2013,3,18.7472076416016
2013,4,18.748872756958
2013,5,18.6546497344971
2013,6,18.5726013183594
2013,7,18.4641456604004
2013,8,18.4649219512939
2013,9,18.4439811706543
2013,10,18.4361171722412
2013,11,18.4432792663574
2013,12,18.4014282226562
2014,1,18.3707160949707
2014,2,18.211332321167
2014,3,18.195369720459
2014,4,18.1505451202393
2014,5,18.2270126342773
2014,6,18.1843070983887
2014,7,18.3038215637207
2014,8,18.5937118530273
2014,9,18.5862369537354
2014,10,18.4780693054199
2014,11,18.3695278167725
2014,12,17.9238090515137
2015,1,17.5526733398438
2015,2,17.4903430938721
2015,3,17.4749965667725
2015,4,17.4593048095703
2015,5,17.4379978179932
2015,6,17.4454517364502
2015,7,17.4166984558105
2015,8,17.4541263580322
2015,9,17.3945083618164
2015,10,17.422737121582
2015,11,17.4259872436523
2015,12,17.4320468902588
2016,1,17.4580516815186
2016,2,17.4816551208496
2016,3,17.4962291717529
2016,4,17.4755001068115
2016,5,17.5665187835693
2016,6,17.578519821167
2016,7,17.6216430664062
2016,8,17.6674003601074
2016,9,17.7291622161865
2016,10,17.7441444396973
2016,11,17.7230129241943
2016,12,17.683666229248
2017,1,17.6789608001709
2017,2,17.6050662994385
2017,3,17.5560054779053
2017,4,17.5488662719727
2017,5,17.589807510376
2017,6,17.5888938903809
2017,7,17.6243839263916
2017,8,17.6281757354736
2017,9,17.604097366333
2017,10,17.5888061523438
2017,11,17.5639324188232
2017,12,17.5165500640869
2018,1,17.5286426544189
2018,2,17.5571842193604
2018,3,17.5597095489502
2018,4,17.5571231842041
2018,5,17.5951709747314
2018,6,17.5927276611328
2018,7,17.5998401641846
2018,8,17.6154232025146
2018,9,17.6172218322754
2018,10,17.6094913482666
2018,11,17.5487976074219
2018,12,17.4299659729004
2019,1,17.3948383331299
2019,2,17.4042453765869
2019,3,17.0071392059326
2019,4,16.0750885009766
2019,5,16.0470390319824
2019,6,17.4723262786865
2019,7,17.4796733856201
2019,8,17.4531688690186
2019,9,17.5352554321289
2019,10,17.4299869537354
2019,11,17.2191619873047
2019,12,17.0984382629395
2020,1,17.105712890625
2020,2,17.0461082458496
2020,3,17.0355529785156
2020,4,17.0122165679932
2020,5,17.044979095459
2020,6,16.9652137756348
2020,7,16.9464244842529
2020,8,16.9591484069824
2020,9,16.9907321929932
2020,10,16.9667778015137
2020,11,16.9768238067627
2020,12,NaN
