Year,Month,Conc
1986,1,NaN
1986,2,0.128577440977097
1986,3,0.127962663769722
1986,4,0.128025591373444
1986,5,0.128203451633453
1986,6,0.128238022327423
1986,7,0.128117620944977
1986,8,0.128216236829758
1986,9,0.129044204950333
1986,10,0.127721861004829
1986,11,0.12801656126976
1986,12,0.12758868932724
1987,1,0.127926975488663
1987,2,0.127222970128059
1987,3,0.127950832247734
1987,4,0.127875134348869
1987,5,0.12784132361412
1987,6,0.127988204360008
1987,7,0.127918720245361
1987,8,0.128633037209511
1987,9,0.128015443682671
1987,10,0.127790227532387
1987,11,0.127935245633125
1987,12,0.12908798456192
1988,1,0.127501159906387
1988,2,0.127964526414871
1988,3,0.12768916785717
1988,4,0.127657994627953
1988,5,0.127405360341072
1988,6,0.127488374710083
1988,7,0.128540813922882
1988,8,0.128936767578125
1988,9,0.127738207578659
1988,10,0.127881333231926
1988,11,0.128773361444473
1988,12,0.127778396010399
1989,1,0.127776697278023
1989,2,0.127777457237244
1989,3,0.128141477704048
1989,4,0.128161579370499
1989,5,0.128086626529694
1989,6,0.128726780414581
1989,7,0.128238961100578
1989,8,0.128040984272957
1989,9,0.128307342529297
1989,10,0.127702698111534
1989,11,0.128164201974869
1989,12,0.127532139420509
1990,1,0.12758681178093
1990,2,0.128704980015755
1990,3,0.127953454852104
1990,4,0.128244414925575
1990,5,0.128470569849014
1990,6,0.128722444176674
1990,7,0.127911567687988
1990,8,0.128577262163162
1990,9,0.128115743398666
1990,10,0.12835656106472
1990,11,0.128101453185081
1990,12,0.128934890031815
1991,1,0.127829477190971
1991,2,0.127658933401108
1991,3,0.128411397337914
1991,4,0.12868769466877
1991,5,0.12864938378334
1991,6,0.127833992242813
1991,7,0.127651616930962
1991,8,0.128224313259125
1991,9,0.127928853034973
1991,10,0.128557339310646
1991,11,0.127960786223412
1991,12,0.128136023879051
1992,1,0.127690866589546
1992,2,0.127640530467033
1992,3,0.128441631793976
1992,4,0.128336638212204
1992,5,0.12785878777504
1992,6,0.127671703696251
1992,7,0.128738611936569
1992,8,0.128423228859901
1992,9,0.128302648663521
1992,10,0.128006249666214
1992,11,0.1288982629776
1992,12,0.127980694174767
1993,1,0.128505319356918
1993,2,0.127859547734261
1993,3,0.127900496125221
1993,4,0.128566354513168
1993,5,0.127784788608551
1993,6,0.129156351089478
1993,7,0.128368392586708
1993,8,0.128130406141281
1993,9,0.128411039710045
1993,10,0.128024458885193
1993,11,0.128176972270012
1993,12,0.127685233950615
1994,1,0.12834207713604
1994,2,0.127835869789124
1994,3,0.127898618578911
1994,4,0.128761515021324
1994,5,0.127562969923019
1994,6,0.128250613808632
1994,7,0.128287240862846
1994,8,0.12810842692852
1994,9,0.127775400876999
1994,10,0.127849400043488
1994,11,0.128238782286644
1994,12,0.128351107239723
1995,1,0.128295511007309
1995,2,0.12756934762001
1995,3,0.127556577324867
1995,4,0.12856337428093
1995,5,0.128372892737389
1995,6,0.127857089042664
1995,7,0.128463238477707
1995,8,0.128709316253662
1995,9,0.127500042319298
1995,10,0.127769961953163
1995,11,0.128642052412033
1995,12,0.127900496125221
1996,1,0.128278225660324
1996,2,0.128239899873734
1996,3,0.127658754587173
1996,4,0.128768444061279
1996,5,0.128694623708725
1996,6,0.128511652350426
1996,7,0.127790406346321
1996,8,0.127965658903122
1996,9,0.128934890031815
1996,10,0.128240838646889
1996,11,0.128489896655083
1996,12,0.128837570548058
1997,1,0.128760933876038
1997,2,0.128616690635681
1997,3,0.128296047449112
1997,4,0.12760217487812
1997,5,0.129070833325386
1997,6,0.128672778606415
1997,7,0.128906443715096
1997,8,0.128349363803864
1997,9,0.127905502915382
1997,10,0.127904161810875
1997,11,0.128410324454308
1997,12,0.13408051431179
1998,1,0.138420313596725
1998,2,0.141037732362747
1998,3,0.148966938257217
1998,4,0.182070285081863
1998,5,0.188899680972099
1998,6,0.190021827816963
1998,7,0.189191848039627
1998,8,0.190630882978439
1998,9,0.189218625426292
1998,10,0.189731135964394
1998,11,0.190416842699051
1998,12,0.189157709479332
1999,1,0.19162480533123
1999,2,0.190268665552139
1999,3,0.190149113535881
1999,4,0.191382229328156
1999,5,0.189352482557297
1999,6,0.190583720803261
1999,7,0.19085855782032
1999,8,0.190718993544579
1999,9,0.190223023295403
1999,10,0.190285757184029
1999,11,0.190060898661613
1999,12,0.190515920519829
2000,1,0.189840912818909
2000,2,0.189834251999855
2000,3,0.189743906259537
2000,4,0.190112084150314
2000,5,0.191631510853767
2000,6,0.191659331321716
2000,7,0.190292984247208
2000,8,0.1907899081707
2000,9,0.192068129777908
2000,10,0.191903784871101
2000,11,0.150891244411469
2000,12,0.150989502668381
2001,1,0.138177990913391
2001,2,0.141874000430107
2001,3,0.136101335287094
2001,4,0.149367600679398
2001,5,0.151010900735855
2001,6,0.143165200948715
2001,7,0.138276144862175
2001,8,0.144800409674644
2001,9,0.14133520424366
2001,10,0.144829675555229
2001,11,0.138060688972473
2001,12,0.137871518731117
2002,1,0.140591204166412
2002,2,0.139168977737427
2002,3,0.141703024506569
2002,4,0.138705536723137
2002,5,0.150447741150856
2002,6,0.173337623476982
2002,7,0.202255353331566
2002,8,0.202207252383232
2002,9,0.203116238117218
2002,10,0.203675597906113
2002,11,0.209916338324547
2002,12,0.24468295276165
2003,1,0.261358618736267
2003,2,0.275068551301956
2003,3,0.280450940132141
2003,4,0.283606499433517
2003,5,0.294602394104004
2003,6,0.298770725727081
2003,7,0.300235360860825
2003,8,0.301894426345825
2003,9,0.302506506443024
2003,10,0.306299775838852
2003,11,0.309807807207108
2003,12,0.309510439634323
2004,1,0.311388850212097
2004,2,0.311838567256927
2004,3,0.312985241413116
2004,4,0.312124729156494
2004,5,0.315199702978134
2004,6,0.313595950603485
2004,7,0.313985824584961
2004,8,0.312725484371185
2004,9,0.310569226741791
2004,10,0.311477065086365
2004,11,0.312347292900085
2004,12,0.312784016132355
2005,1,0.312937766313553
2005,2,0.312722653150558
2005,3,0.310928255319595
2005,4,0.310384482145309
2005,5,0.310521900653839
2005,6,0.310417205095291
2005,7,0.312205135822296
2005,8,0.308925151824951
2005,9,0.308203548192978
2005,10,0.306342154741287
2005,11,0.307766795158386
2005,12,0.305219262838364
2006,1,0.303824692964554
2006,2,0.302118390798569
2006,3,0.304269134998322
2006,4,0.306671798229218
2006,5,0.310093611478806
2006,6,0.315271228551865
2006,7,0.322271406650543
2006,8,0.324472516775131
2006,9,0.325313925743103
2006,10,0.328919053077698
2006,11,0.329025089740753
2006,12,0.329183310270309
2007,1,0.329725652933121
2007,2,0.329614877700806
2007,3,0.331694066524506
2007,4,0.331740736961365
2007,5,0.331881046295166
2007,6,0.333472371101379
2007,7,0.333911925554276
2007,8,0.335596084594727
2007,9,0.335389912128448
2007,10,0.336825042963028
2007,11,0.337304562330246
2007,12,0.33769303560257
2008,1,0.337285846471786
2008,2,0.336972922086716
2008,3,0.336915820837021
2008,4,0.33516126871109
2008,5,0.333184659481049
2008,6,0.334378361701965
2008,7,0.335769951343536
2008,8,0.336227625608444
2008,9,0.336257070302963
2008,10,0.336233735084534
2008,11,0.33519059419632
2008,12,0.335334211587906
2009,1,0.334210842847824
2009,2,0.332874655723572
2009,3,0.328803032636642
2009,4,0.329785764217377
2009,5,0.329392403364182
2009,6,0.334123522043228
2009,7,0.334184169769287
2009,8,0.334794908761978
2009,9,0.334915906190872
2009,10,0.336753815412521
2009,11,0.336390733718872
2009,12,0.33666917681694
2010,1,0.336495339870453
2010,2,0.336790233850479
2010,3,0.336783081293106
2010,4,0.337549775838852
2010,5,0.337377905845642
2010,6,0.337856769561768
2010,7,0.337233245372772
2010,8,0.337548673152924
2010,9,0.338570058345795
2010,10,0.338535904884338
2010,11,0.339655607938766
2010,12,0.338486760854721
2011,1,0.338099628686905
2011,2,0.338597476482391
2011,3,0.334931254386902
2011,4,0.334969311952591
2011,5,0.335232824087143
2011,6,0.335992455482483
2011,7,0.339386224746704
2011,8,0.34844446182251
2011,9,0.351295739412308
2011,10,0.352078020572662
2011,11,0.35349053144455
2011,12,0.352165728807449
2012,1,0.351842045783997
2012,2,0.35130101442337
2012,3,0.351667523384094
2012,4,0.350914895534515
2012,5,0.350648462772369
2012,6,0.350487947463989
2012,7,0.351613968610764
2012,8,0.352589428424835
2012,9,0.352690786123276
2012,10,0.353401333093643
2012,11,0.352321267127991
2012,12,0.355370491743088
2013,1,0.357890188694
2013,2,0.361463904380798
2013,3,0.367790848016739
2013,4,0.376800358295441
2013,5,0.379529774188995
2013,6,0.375362247228622
2013,7,0.371522784233093
2013,8,0.371236950159073
2013,9,0.370489180088043
2013,10,0.370496094226837
2013,11,0.370057761669159
2013,12,0.37163582444191
2014,1,0.37327766418457
2014,2,0.37353128194809
2014,3,0.372967511415482
2014,4,0.374698638916016
2014,5,0.373684287071228
2014,6,0.375214040279388
2014,7,0.376103490591049
2014,8,0.37755486369133
2014,9,0.378633886575699
2014,10,0.378181129693985
2014,11,0.37928181886673
2014,12,0.378731161355972
2015,1,0.378388702869415
2015,2,0.378121554851532
2015,3,0.378378003835678
2015,4,0.379789084196091
2015,5,0.379636883735657
2015,6,0.381833583116531
2015,7,0.380569785833359
2015,8,0.379442721605301
2015,9,0.380866348743439
2015,10,0.380273133516312
2015,11,0.38054358959198
2015,12,0.380815744400024
2016,1,0.379444569349289
2016,2,0.379278123378754
2016,3,0.380684852600098
2016,4,0.380274385213852
2016,5,0.37906888127327
2016,6,0.378718495368958
2016,7,0.376789152622223
2016,8,0.374621540307999
2016,9,0.374813288450241
2016,10,0.373036801815033
2016,11,0.371705859899521
2016,12,0.371124237775803
2017,1,0.342722624540329
2017,2,0.339448153972626
2017,3,0.340253293514252
2017,4,0.339799970388412
2017,5,0.339501321315765
2017,6,0.341067612171173
2017,7,0.347748905420303
2017,8,0.353473395109177
2017,9,0.368212580680847
2017,10,0.379981428384781
2017,11,0.386750102043152
2017,12,0.384888857603073
2018,1,0.386928021907806
2018,2,0.389518111944199
2018,3,0.389812707901001
2018,4,0.392841696739197
2018,5,0.395937532186508
2018,6,0.403464049100876
2018,7,0.407632827758789
2018,8,0.409803420305252
2018,9,0.412532538175583
2018,10,0.414246112108231
2018,11,0.417381703853607
2018,12,0.417982846498489
2019,1,0.418042600154877
2019,2,0.418047606945038
2019,3,0.418693095445633
2019,4,0.418592929840088
2019,5,0.42010486125946
2019,6,0.425751537084579
2019,7,0.434837639331818
2019,8,0.44282454252243
2019,9,0.445985198020935
2019,10,0.448566496372223
2019,11,0.450151473283768
2019,12,0.451314389705658
2020,1,0.451862215995789
2020,2,0.453077465295792
2020,3,0.453864991664886
2020,4,0.455186098814011
2020,5,0.455047100782394
2020,6,0.455805897712708
2020,7,0.456241995096207
2020,8,0.456649273633957
2020,9,0.456320315599442
2020,10,0.456791073083878
2020,11,0.456291973590851
2020,12,NaN
