Year,Month,Conc
1986,1,NaN
1986,2,5.02380657196045
1986,3,4.91436672210693
1986,4,5.18326616287231
1986,5,5.00701427459717
1986,6,5.18261432647705
1986,7,5.08142185211182
1986,8,5.16250848770142
1986,9,5.53242015838623
1986,10,4.99296474456787
1986,11,5.00605010986328
1986,12,5.07911443710327
1987,1,4.99971485137939
1987,2,4.82071590423584
1987,3,5.00081539154053
1987,4,4.91591501235962
1987,5,4.912757396698
1987,6,5.17498397827148
1987,7,5.0862603187561
1987,8,5.3427996635437
1987,9,5.08867931365967
1987,10,4.99301862716675
1987,11,5.08783721923828
1987,12,5.35190677642822
1988,1,4.91141128540039
1988,2,5.01336812973022
1988,3,5.08968210220337
1988,4,5.01957368850708
1988,5,4.9420690536499
1988,6,4.99114513397217
1988,7,5.41269016265869
1988,8,5.52738380432129
1988,9,5.25264835357666
1988,10,5.3260931968689
1988,11,5.35823965072632
1988,12,5.2660083770752
1989,1,5.19451189041138
1989,2,5.37597465515137
1989,3,5.64540243148804
1989,4,5.50650835037231
1989,5,5.59093952178955
1989,6,5.78728246688843
1989,7,5.60120391845703
1989,8,5.59319591522217
1989,9,5.7085223197937
1989,10,5.53732490539551
1989,11,5.76323318481445
1989,12,5.47850370407104
1990,1,5.64910459518433
1990,2,6.15240240097046
1990,3,5.9987096786499
1990,4,5.92015552520752
1990,5,6.19650554656982
1990,6,6.51650285720825
1990,7,5.90509414672852
1990,8,6.04934215545654
1990,9,5.86335849761963
1990,10,5.97724294662476
1990,11,5.82306814193726
1990,12,6.1667652130127
1991,1,5.60715675354004
1991,2,5.54389667510986
1991,3,5.88064241409302
1991,4,5.89885282516479
1991,5,6.1589183807373
1991,6,5.75319766998291
1991,7,6.73302268981934
1991,8,8.14153003692627
1991,9,8.14072608947754
1991,10,8.18099498748779
1991,11,8.16636753082275
1991,12,8.15355205535889
1992,1,8.13785362243652
1992,2,8.15455055236816
1992,3,8.22565746307373
1992,4,8.17911815643311
1992,5,8.18326854705811
1992,6,8.19460296630859
1992,7,8.27058982849121
1992,8,8.22094535827637
1992,9,8.23883819580078
1992,10,8.21080207824707
1992,11,8.24620914459229
1992,12,8.23640727996826
1993,1,8.25715255737305
1993,2,8.18169784545898
1993,3,8.20870208740234
1993,4,8.21292781829834
1993,5,7.83820772171021
1993,6,6.21474027633667
1993,7,6.18722629547119
1993,8,5.85617542266846
1993,9,5.87913656234741
1993,10,5.87056446075439
1993,11,6.17322301864624
1993,12,5.57956695556641
1994,1,5.80737161636353
1994,2,5.71523237228394
1994,3,5.74819278717041
1994,4,6.02288341522217
1994,5,5.45902919769287
1994,6,5.44861030578613
1994,7,5.64693975448608
1994,8,5.40071105957031
1994,9,5.22529602050781
1994,10,5.41778755187988
1994,11,5.41940307617188
1994,12,5.6501293182373
1995,1,5.45221996307373
1995,2,5.38269233703613
1995,3,5.44440174102783
1995,4,6.09111261367798
1995,5,5.78930521011353
1995,6,5.48898458480835
1995,7,5.71115112304688
1995,8,5.62997388839722
1995,9,5.26618576049805
1995,10,5.24905061721802
1995,11,5.72404289245605
1995,12,4.95985889434814
1996,1,4.61097621917725
1996,2,4.23631811141968
1996,3,4.20326662063599
1996,4,4.29540252685547
1996,5,4.14382219314575
1996,6,4.11717224121094
1996,7,4.17549610137939
1996,8,4.16790866851807
1996,9,4.15446281433105
1996,10,4.11826753616333
1996,11,4.10430097579956
1996,12,3.96128535270691
1997,1,3.95190906524658
1997,2,3.90231919288635
1997,3,3.94238328933716
1997,4,3.95625829696655
1997,5,3.8929603099823
1997,6,3.78776955604553
1997,7,3.79869818687439
1997,8,3.76738953590393
1997,9,3.7563636302948
1997,10,3.75367188453674
1997,11,3.85480833053589
1997,12,4.31098604202271
1998,1,4.36215209960938
1998,2,4.36465787887573
1998,3,4.64196491241455
1998,4,4.65401124954224
1998,5,4.63809013366699
1998,6,5.25208950042725
1998,7,5.28369426727295
1998,8,5.39096355438232
1998,9,5.16295576095581
1998,10,5.49221897125244
1998,11,5.58644390106201
1998,12,5.60406970977783
1999,1,5.43230867385864
1999,2,5.47379636764526
1999,3,5.43166160583496
1999,4,5.34190797805786
1999,5,4.99850177764893
1999,6,4.96669054031372
1999,7,4.7863826751709
1999,8,4.69290113449097
1999,9,4.51725625991821
1999,10,4.67423057556152
1999,11,4.56115055084229
1999,12,4.51141119003296
2000,1,6.19374132156372
2000,2,7.09954214096069
2000,3,7.40242052078247
2000,4,7.55466413497925
2000,5,7.62764835357666
2000,6,7.69237518310547
2000,7,7.58929538726807
2000,8,7.52491331100464
2000,9,7.39696073532104
2000,10,7.40334510803223
2000,11,7.37017345428467
2000,12,7.24707794189453
2001,1,6.93357086181641
2001,2,6.90211296081543
2001,3,6.85228824615479
2001,4,6.87264537811279
2001,5,6.80526876449585
2001,6,6.84846162796021
2001,7,7.1449089050293
2001,8,7.37583208084106
2001,9,8.44371604919434
2001,10,9.16596126556396
2001,11,9.16398334503174
2001,12,9.22729110717773
2002,1,9.41023540496826
2002,2,9.69389915466309
2002,3,9.9511547088623
2002,4,10.0910043716431
2002,5,10.3219289779663
2002,6,10.3895845413208
2002,7,10.4448661804199
2002,8,10.4517650604248
2002,9,11.1578207015991
2002,10,11.8349590301514
2002,11,12.3202590942383
2002,12,12.5173654556274
2003,1,12.6071186065674
2003,2,12.6890830993652
2003,3,12.7328481674194
2003,4,12.6810674667358
2003,5,12.7030048370361
2003,6,12.8135061264038
2003,7,12.6751003265381
2003,8,12.7321720123291
2003,9,12.7788095474243
2003,10,12.9078979492188
2003,11,13.1768417358398
2003,12,13.2719087600708
2004,1,13.302773475647
2004,2,13.3834075927734
2004,3,13.3378639221191
2004,4,13.3639163970947
2004,5,13.113226890564
2004,6,13.0978546142578
2004,7,12.9699354171753
2004,8,12.9208345413208
2004,9,12.9533786773682
2004,10,12.8672294616699
2004,11,12.7646236419678
2004,12,12.774453163147
2005,1,12.7485380172729
2005,2,12.7450084686279
2005,3,12.7679843902588
2005,4,12.7403497695923
2005,5,12.6821937561035
2005,6,12.6897411346436
2005,7,12.6318035125732
2005,8,12.6923160552979
2005,9,12.6794843673706
2005,10,12.7263164520264
2005,11,12.6453084945679
2005,12,12.691349029541
2006,1,12.6154203414917
2006,2,12.4129133224487
2006,3,12.0934610366821
2006,4,12.1569910049438
2006,5,12.1260395050049
2006,6,12.1425428390503
2006,7,12.0796766281128
2006,8,11.9549341201782
2006,9,11.9544248580933
2006,10,11.9002380371094
2006,11,11.9381971359253
2006,12,11.8917856216431
2007,1,11.8856639862061
2007,2,11.8552389144897
2007,3,11.8437986373901
2007,4,11.8872117996216
2007,5,11.8996057510376
2007,6,11.8714485168457
2007,7,11.8544578552246
2007,8,11.7612619400024
2007,9,11.7621164321899
2007,10,11.6966114044189
2007,11,11.6450653076172
2007,12,11.6325368881226
2008,1,11.5963640213013
2008,2,11.5884227752686
2008,3,11.5335454940796
2008,4,11.541298866272
2008,5,11.54150390625
2008,6,11.4879636764526
2008,7,11.5023965835571
2008,8,11.5205459594727
2008,9,11.4997539520264
2008,10,11.4953451156616
2008,11,11.5048303604126
2008,12,11.4738359451294
2009,1,11.4451599121094
2009,2,11.3636207580566
2009,3,11.34104347229
2009,4,11.3286581039429
2009,5,11.3343982696533
2009,6,11.3004608154297
2009,7,11.3268547058105
2009,8,11.3081541061401
2009,9,11.2945795059204
2009,10,11.2774848937988
2009,11,11.3037261962891
2009,12,11.2799892425537
2010,1,11.2865314483643
2010,2,11.2766618728638
2010,3,11.2645797729492
2010,4,11.2602882385254
2010,5,11.2115077972412
2010,6,11.1840076446533
2010,7,10.9783477783203
2010,8,10.4093065261841
2010,9,10.3037424087524
2010,10,10.2811698913574
2010,11,10.2543172836304
2010,12,10.1613149642944
2011,1,10.1365661621094
2011,2,9.68396091461182
2011,3,9.67389583587646
2011,4,9.53990650177002
2011,5,9.29622650146484
2011,6,9.23252201080322
2011,7,9.06083106994629
2011,8,7.48415327072144
2011,9,6.38126087188721
2011,10,5.89507532119751
2011,11,5.411452293396
2011,12,5.28648042678833
2012,1,5.21860504150391
2012,2,5.1709246635437
2012,3,5.1399941444397
2012,4,5.09633445739746
2012,5,5.06796503067017
2012,6,5.03623962402344
2012,7,4.90388870239258
2012,8,4.81860446929932
2012,9,4.8293285369873
2012,10,4.83611154556274
2012,11,4.83997392654419
2012,12,4.80898094177246
2013,1,4.77546548843384
2013,2,4.71373987197876
2013,3,4.46467924118042
2013,4,4.24003839492798
2013,5,4.18612098693848
2013,6,4.08383703231812
2013,7,4.18912172317505
2013,8,4.4370436668396
2013,9,4.35762500762939
2013,10,4.17168092727661
2013,11,3.81533217430115
2013,12,4.10112380981445
2014,1,4.15963077545166
2014,2,3.9798526763916
2014,3,3.86540198326111
2014,4,3.82210612297058
2014,5,3.93450713157654
2014,6,2.73386454582214
2014,7,2.39062547683716
2014,8,2.34764647483826
2014,9,2.2543523311615
2014,10,2.12452554702759
2014,11,2.07081460952759
2014,12,2.04666471481323
2015,1,1.97545146942139
2015,2,1.79169249534607
2015,3,1.84638929367065
2015,4,2.14839434623718
2015,5,2.25856041908264
2015,6,2.23257899284363
2015,7,2.3876485824585
2015,8,2.3643639087677
2015,9,2.34398746490479
2015,10,2.3155734539032
2015,11,1.99428761005402
2015,12,2.00285696983337
2016,1,2.12585306167603
2016,2,2.03592467308044
2016,3,1.96479475498199
2016,4,2.13833808898926
2016,5,2.39087510108948
2016,6,2.39115786552429
2016,7,2.34748435020447
2016,8,2.34777688980103
2016,9,2.31632924079895
2016,10,2.34199404716492
2016,11,2.32999897003174
2016,12,2.34130048751831
2017,1,2.31073331832886
2017,2,2.35156679153442
2017,3,2.28115248680115
2017,4,2.27688837051392
2017,5,2.30178427696228
2017,6,2.32637715339661
2017,7,2.11074805259705
2017,8,1.93216621875763
2017,9,1.93582987785339
2017,10,1.86613869667053
2017,11,1.66837179660797
2017,12,1.66855311393738
2018,1,1.67302703857422
2018,2,1.65248870849609
2018,3,1.64007794857025
2018,4,1.64197742938995
2018,5,1.64179861545563
2018,6,1.63961541652679
2018,7,1.63568115234375
2018,8,1.62847888469696
2018,9,1.62724912166595
2018,10,1.62519502639771
2018,11,1.58237254619598
2018,12,1.57681620121002
2019,1,1.56878674030304
2019,2,1.57090091705322
2019,3,1.5635449886322
2019,4,1.56398344039917
2019,5,1.55716180801392
2019,6,1.55677318572998
2019,7,1.55210793018341
2019,8,1.51778852939606
2019,9,1.51380205154419
2019,10,1.50861001014709
2019,11,1.5052433013916
2019,12,1.49176871776581
2020,1,1.48728859424591
2020,2,1.48686563968658
2020,3,1.46853518486023
2020,4,1.45953166484833
2020,5,1.45467960834503
2020,6,1.45473337173462
2020,7,1.40867912769318
2020,8,1.41240513324738
2020,9,1.41211092472076
2020,10,1.42053425312042
2020,11,1.41617429256439
2020,12,NaN
