Year,Month,Conc
1986,1,NaN
1986,2,6.86132383346558
1986,3,6.85351848602295
1986,4,6.85462236404419
1986,5,6.86135673522949
1986,6,6.87947463989258
1986,7,6.85822820663452
1986,8,6.86253833770752
1986,9,6.89449071884155
1986,10,6.85013246536255
1986,11,6.85399055480957
1986,12,6.84363317489624
1987,1,6.85417461395264
1987,2,6.83598518371582
1987,3,6.85201025009155
1987,4,6.84912729263306
1987,5,6.84991264343262
1987,6,6.85666799545288
1987,7,6.85937976837158
1987,8,6.88690423965454
1987,9,6.87150239944458
1987,10,6.85660171508789
1987,11,6.85750150680542
1987,12,6.87969493865967
1988,1,6.84256076812744
1988,2,6.8447847366333
1988,3,6.83825731277466
1988,4,6.83343458175659
1988,5,6.82580947875977
1988,6,6.82448434829712
1988,7,6.85653686523438
1988,8,6.82441234588623
1988,9,6.80248260498047
1988,10,6.81234073638916
1988,11,6.82011699676514
1988,12,6.81733560562134
1989,1,6.81703805923462
1989,2,6.77841806411743
1989,3,6.78884077072144
1989,4,6.84570169448853
1989,5,6.84972524642944
1989,6,6.86693954467773
1989,7,6.8842716217041
1989,8,6.87950611114502
1989,9,6.87768363952637
1989,10,6.89662027359009
1989,11,6.94199132919312
1989,12,6.9259090423584
1990,1,6.96951770782471
1990,2,6.99989557266235
1990,3,6.97422933578491
1990,4,6.97854852676392
1990,5,7.05467987060547
1990,6,7.08801555633545
1990,7,7.06891250610352
1990,8,7.09135961532593
1990,9,7.07897472381592
1990,10,7.09329271316528
1990,11,7.08304977416992
1990,12,7.09336614608765
1991,1,7.04151296615601
1991,2,7.0441575050354
1991,3,7.07492256164551
1991,4,7.06794309616089
1991,5,7.04305934906006
1991,6,7.02025413513184
1991,7,7.02724981307983
1991,8,7.00131511688232
1991,9,6.90358829498291
1991,10,6.92397022247314
1991,11,6.89827537536621
1991,12,6.90314865112305
1992,1,6.894775390625
1992,2,6.89080953598022
1992,3,6.90824937820435
1992,4,6.9197301864624
1992,5,6.91693925857544
1992,6,6.92391633987427
1992,7,6.96180725097656
1992,8,6.93286180496216
1992,9,6.94004011154175
1992,10,6.91991281509399
1992,11,6.9071159362793
1992,12,6.86993312835693
1993,1,6.88755893707275
1993,2,6.81236934661865
1993,3,6.81010055541992
1993,4,6.84024524688721
1993,5,6.8024754524231
1993,6,6.83554410934448
1993,7,6.83493804931641
1993,8,6.813307762146
1993,9,6.83328485488892
1993,10,6.8166971206665
1993,11,6.82428550720215
1993,12,6.80565595626831
1994,1,6.84206104278564
1994,2,6.81790494918823
1994,3,6.8233814239502
1994,4,6.84502077102661
1994,5,6.80444240570068
1994,6,6.82316637039185
1994,7,6.81989097595215
1994,8,6.81919527053833
1994,9,6.77541923522949
1994,10,6.78405046463013
1994,11,6.80548334121704
1994,12,6.81610918045044
1995,1,6.82288789749146
1995,2,6.79651498794556
1995,3,6.80313158035278
1995,4,6.83198928833008
1995,5,6.82813549041748
1995,6,6.81103801727295
1995,7,6.82648420333862
1995,8,6.83333349227905
1995,9,6.79372692108154
1995,10,6.83249664306641
1995,11,6.85540628433228
1995,12,6.83876085281372
1996,1,6.86149024963379
1996,2,6.85472965240479
1996,3,6.84158086776733
1996,4,6.86633443832397
1996,5,6.86468601226807
1996,6,6.86959218978882
1996,7,6.83874464035034
1996,8,6.84948253631592
1996,9,6.88366556167603
1996,10,6.85868120193481
1996,11,6.91522026062012
1996,12,6.91204261779785
1997,1,6.91972875595093
1997,2,6.89783668518066
1997,3,6.89855766296387
1997,4,6.87853860855103
1997,5,6.93089818954468
1997,6,6.93262767791748
1997,7,6.92900514602661
1997,8,6.94450521469116
1997,9,6.96590995788574
1997,10,6.95907354354858
1997,11,6.96240615844727
1997,12,6.98330211639404
1998,1,6.97858762741089
1998,2,6.98462581634521
1998,3,7.00591373443604
1998,4,7.04356670379639
1998,5,7.02187204360962
1998,6,7.1200647354126
1998,7,7.14165067672729
1998,8,7.18157958984375
1998,9,7.16213512420654
1998,10,7.16551351547241
1998,11,7.13481092453003
1998,12,7.09612083435059
1999,1,7.13939428329468
1999,2,7.07557439804077
1999,3,7.05562448501587
1999,4,7.02138376235962
1999,5,6.97236776351929
1999,6,7.06802415847778
1999,7,7.07199811935425
1999,8,7.06037759780884
1999,9,7.04889249801636
1999,10,7.07377767562866
1999,11,7.07540893554688
1999,12,7.11985540390015
2000,1,7.2086009979248
2000,2,7.25202751159668
2000,3,7.57483100891113
2000,4,7.78579902648926
2000,5,7.79578399658203
2000,6,7.78987693786621
2000,7,7.76991367340088
2000,8,7.77269697189331
2000,9,7.75351476669312
2000,10,7.77846050262451
2000,11,7.64955806732178
2000,12,7.40355587005615
2001,1,7.24411010742188
2001,2,7.28988885879517
2001,3,7.31368970870972
2001,4,7.27940559387207
2001,5,7.23909664154053
2001,6,7.212806224823
2001,7,7.19633054733276
2001,8,7.01782178878784
2001,9,6.88543891906738
2001,10,6.80772304534912
2001,11,6.4283881187439
2001,12,6.35574293136597
2002,1,6.3152494430542
2002,2,6.21020269393921
2002,3,6.15703296661377
2002,4,6.16843795776367
2002,5,6.1957836151123
2002,6,6.16105222702026
2002,7,6.16656351089478
2002,8,6.20273590087891
2002,9,6.21145296096802
2002,10,6.23821020126343
2002,11,6.27080917358398
2002,12,6.2660117149353
2003,1,6.26111555099487
2003,2,6.2268328666687
2003,3,9.57659339904785
2003,4,31.9412994384766
2003,5,31.9763164520264
2003,6,31.998218536377
2003,7,29.067440032959
2003,8,28.5197143554688
2003,9,29.4660873413086
2003,10,31.520622253418
2003,11,31.6763515472412
2003,12,31.6846485137939
2004,1,31.6716289520264
2004,2,31.5363140106201
2004,3,31.5611686706543
2004,4,31.4706268310547
2004,5,31.3729496002197
2004,6,31.1059265136719
2004,7,30.8591804504395
2004,8,30.8258399963379
2004,9,30.5302810668945
2004,10,30.4964084625244
2004,11,30.3065090179443
2004,12,29.8814392089844
2005,1,30.4094390869141
2005,2,30.6176815032959
2005,3,30.2262668609619
2005,4,30.1798553466797
2005,5,29.455680847168
2005,6,29.0393714904785
2005,7,28.8462543487549
2005,8,28.3946094512939
2005,9,28.0710182189941
2005,10,27.8936157226562
2005,11,27.8692722320557
2005,12,26.4878749847412
2006,1,26.0735187530518
2006,2,26.4031219482422
2006,3,27.4294891357422
2006,4,27.2306385040283
2006,5,27.2884769439697
2006,6,27.3054847717285
2006,7,27.2380695343018
2006,8,27.1366958618164
2006,9,27.2040557861328
2006,10,27.19162940979
2006,11,27.1534214019775
2006,12,26.8875694274902
2007,1,26.8149890899658
2007,2,26.8177814483643
2007,3,26.6088886260986
2007,4,26.6687698364258
2007,5,25.6194591522217
2007,6,24.4097805023193
2007,7,25.2968139648438
2007,8,25.4130935668945
2007,9,22.8091220855713
2007,10,22.985876083374
2007,11,22.8050765991211
2007,12,22.8423118591309
2008,1,22.529577255249
2008,2,22.3480205535889
2008,3,22.1604080200195
2008,4,21.8650665283203
2008,5,21.9567127227783
2008,6,22.429370880127
2008,7,22.1240653991699
2008,8,22.0434322357178
2008,9,22.6909694671631
2008,10,22.6392440795898
2008,11,22.7797451019287
2008,12,22.8841972351074
2009,1,22.2791481018066
2009,2,21.3025398254395
2009,3,21.2700309753418
2009,4,21.2517757415771
2009,5,21.2463836669922
2009,6,21.2600631713867
2009,7,21.1740913391113
2009,8,18.6206893920898
2009,9,18.1996879577637
2009,10,18.4395313262939
2009,11,20.7661304473877
2009,12,20.8280620574951
2010,1,17.4744071960449
2010,2,8.16958808898926
2010,3,8.61506938934326
2010,4,10.0509376525879
2010,5,9.7541446685791
2010,6,10.7281513214111
2010,7,8.45378112792969
2010,8,6.08878993988037
2010,9,6.10066699981689
2010,10,6.11262798309326
2010,11,6.1273980140686
2010,12,6.57072114944458
2011,1,6.83475065231323
2011,2,7.25109052658081
2011,3,5.92996454238892
2011,4,6.04880046844482
2011,5,7.19125270843506
2011,6,12.0677433013916
2011,7,22.0233116149902
2011,8,19.7366962432861
2011,9,18.8294162750244
2011,10,18.5516719818115
2011,11,18.3849964141846
2011,12,18.1297187805176
2012,1,18.0777931213379
2012,2,18.114917755127
2012,3,18.1456394195557
2012,4,18.1687927246094
2012,5,17.8319568634033
2012,6,17.567174911499
2012,7,17.5330829620361
2012,8,17.5186405181885
2012,9,17.5016231536865
2012,10,17.4789981842041
2012,11,17.4480209350586
2012,12,17.4171829223633
2013,1,17.4385757446289
2013,2,17.4081325531006
2013,3,17.3332824707031
2013,4,17.3323879241943
2013,5,17.2449283599854
2013,6,17.1593055725098
2013,7,17.0508460998535
2013,8,17.050666809082
2013,9,17.0338821411133
2013,10,17.0236721038818
2013,11,17.0303630828857
2013,12,16.9925098419189
2014,1,16.9642333984375
2014,2,16.8256855010986
2014,3,16.7956218719482
2014,4,16.7519989013672
2014,5,16.827299118042
2014,6,16.8009586334229
2014,7,16.913013458252
2014,8,17.1847648620605
2014,9,17.1808338165283
2014,10,17.0853328704834
2014,11,16.9863433837891
2014,12,16.5778961181641
2015,1,16.2346305847168
2015,2,16.1696338653564
2015,3,16.1549167633057
2015,4,16.1371784210205
2015,5,16.1157913208008
2015,6,16.1217708587646
2015,7,16.0950527191162
2015,8,16.1295433044434
2015,9,16.0722808837891
2015,10,16.1001663208008
2015,11,16.1022148132324
2015,12,16.107084274292
2016,1,16.1314430236816
2016,2,16.1538867950439
2016,3,16.1676368713379
2016,4,16.1462879180908
2016,5,16.2304058074951
2016,6,16.2417755126953
2016,7,16.2836227416992
2016,8,16.3256301879883
2016,9,16.3800411224365
2016,10,16.3944625854492
2016,11,16.3708076477051
2016,12,16.3235931396484
2017,1,16.3175525665283
2017,2,16.2457847595215
2017,3,16.2002906799316
2017,4,16.2051258087158
2017,5,16.2437305450439
2017,6,16.2411823272705
2017,7,16.2760372161865
2017,8,16.2775650024414
2017,9,16.2534599304199
2017,10,16.2486457824707
2017,11,16.2281951904297
2017,12,16.1832618713379
2018,1,16.195930480957
2018,2,16.2363624572754
2018,3,16.2433071136475
2018,4,16.239200592041
2018,5,16.2746868133545
2018,6,16.2741947174072
2018,7,16.277811050415
2018,8,16.2944068908691
2018,9,16.2921772003174
2018,10,16.2826461791992
2018,11,16.2150917053223
2018,12,16.0969791412354
2019,1,16.058967590332
2019,2,16.0699615478516
2019,3,15.6336164474487
2019,4,14.5988416671753
2019,5,14.5495195388794
2019,6,16.1186943054199
2019,7,16.1435623168945
2019,8,16.1144561767578
2019,9,16.1987705230713
2019,10,16.0963306427002
2019,11,15.9003238677979
2019,12,15.7850694656372
2020,1,15.7916193008423
2020,2,15.7358627319336
2020,3,15.7261781692505
2020,4,15.7058744430542
2020,5,15.7376871109009
2020,6,15.6620225906372
2020,7,15.6420583724976
2020,8,15.6531562805176
2020,9,15.6829614639282
2020,10,15.6604976654053
2020,11,15.6703033447266
2020,12,NaN
