Year,Month,Conc
1986,1,NaN
1986,2,0.675997257232666
1986,3,0.635365843772888
1986,4,0.670221984386444
1986,5,0.654779851436615
1986,6,0.688882768154144
1986,7,0.669320464134216
1986,8,0.669126451015472
1986,9,0.724126935005188
1986,10,0.663727879524231
1986,11,0.651447296142578
1986,12,0.648011982440948
1987,1,0.651835381984711
1987,2,0.631028890609741
1987,3,0.652771234512329
1987,4,0.652280390262604
1987,5,0.651892304420471
1987,6,0.67980945110321
1987,7,0.697602510452271
1987,8,0.732025146484375
1987,9,0.700102150440216
1987,10,0.671215236186981
1987,11,0.71213173866272
1987,12,0.719413459300995
1988,1,0.703868389129639
1988,2,0.733782589435577
1988,3,0.731750905513763
1988,4,0.799728751182556
1988,5,0.798610210418701
1988,6,0.779881060123444
1988,7,0.852823078632355
1988,8,0.894858181476593
1988,9,0.856098711490631
1988,10,0.879244804382324
1988,11,0.888409852981567
1988,12,0.868881523609161
1989,1,0.875159025192261
1989,2,0.874816715717316
1989,3,0.919933319091797
1989,4,0.997030138969421
1989,5,1.02510678768158
1989,6,1.03819751739502
1989,7,1.06197261810303
1989,8,1.10735011100769
1989,9,1.11467897891998
1989,10,1.02842795848846
1989,11,1.12306618690491
1989,12,1.08636176586151
1990,1,1.09846031665802
1990,2,1.41821503639221
1990,3,1.3318167924881
1990,4,1.3762139081955
1990,5,1.85567367076874
1990,6,1.91135191917419
1990,7,1.92582321166992
1990,8,2.029869556427
1990,9,2.02218699455261
1990,10,2.03187942504883
1990,11,2.37643814086914
1990,12,2.49990248680115
1991,1,2.51504373550415
1991,2,2.58751106262207
1991,3,2.73357105255127
1991,4,2.79792714118958
1991,5,2.93244004249573
1991,6,2.93067121505737
1991,7,2.94495415687561
1991,8,3.47859239578247
1991,9,4.07095193862915
1991,10,3.98431849479675
1991,11,4.09001779556274
1991,12,3.94747376441956
1992,1,4.07533884048462
1992,2,4.20168018341064
1992,3,4.2766489982605
1992,4,4.42408990859985
1992,5,4.45764493942261
1992,6,4.51300621032715
1992,7,4.6015362739563
1992,8,4.69927978515625
1992,9,4.73433494567871
1992,10,4.80081224441528
1992,11,4.82783317565918
1992,12,4.83724737167358
1993,1,4.85201168060303
1993,2,4.97716236114502
1993,3,4.98856210708618
1993,4,4.98881959915161
1993,5,4.98261880874634
1993,6,4.93635940551758
1993,7,4.73808717727661
1993,8,4.72784662246704
1993,9,4.94906091690063
1993,10,5.28041982650757
1993,11,5.30162382125854
1993,12,5.38817739486694
1994,1,5.39895248413086
1994,2,5.45602130889893
1994,3,5.35250425338745
1994,4,5.29060840606689
1994,5,5.51733303070068
1994,6,5.50350570678711
1994,7,5.49937295913696
1994,8,5.44440841674805
1994,9,5.509850025177
1994,10,5.53349161148071
1994,11,5.40228605270386
1994,12,5.41651487350464
1995,1,5.41988897323608
1995,2,5.47701120376587
1995,3,5.48570680618286
1995,4,5.35816860198975
1995,5,5.48461866378784
1995,6,5.49800586700439
1995,7,5.52755737304688
1995,8,5.39996242523193
1995,9,5.5570240020752
1995,10,5.46210670471191
1995,11,5.52673673629761
1995,12,5.57332372665405
1996,1,5.62859678268433
1996,2,5.72428274154663
1996,3,5.71728467941284
1996,4,7.29961633682251
1996,5,7.69777917861938
1996,6,8.81779956817627
1996,7,11.9941911697388
1996,8,11.7392807006836
1996,9,11.2710523605347
1996,10,10.7598562240601
1996,11,8.15259265899658
1996,12,8.20224571228027
1997,1,8.42938327789307
1997,2,12.0972700119019
1997,3,12.3521766662598
1997,4,12.9431266784668
1997,5,14.0673742294312
1997,6,14.3543519973755
1997,7,16.4209232330322
1997,8,14.6326913833618
1997,9,17.4202365875244
1997,10,18.5946712493896
1997,11,20.049295425415
1997,12,19.8697052001953
1998,1,19.9711132049561
1998,2,20.2311840057373
1998,3,21.3647880554199
1998,4,22.28515625
1998,5,22.7029228210449
1998,6,23.2328987121582
1998,7,24.6074619293213
1998,8,25.3336086273193
1998,9,24.557954788208
1998,10,22.7451343536377
1998,11,23.842004776001
1998,12,27.0221347808838
1999,1,26.6562633514404
1999,2,27.4498977661133
1999,3,27.9666557312012
1999,4,27.6142272949219
1999,5,27.7760047912598
1999,6,26.9764251708984
1999,7,26.8431415557861
1999,8,28.1449184417725
1999,9,28.6429042816162
1999,10,28.8909034729004
1999,11,28.8972187042236
1999,12,27.9989681243896
2000,1,26.658670425415
2000,2,26.5340061187744
2000,3,26.5153274536133
2000,4,26.2818965911865
2000,5,24.9776649475098
2000,6,24.8675804138184
2000,7,26.2917499542236
2000,8,26.0497341156006
2000,9,23.589527130127
2000,10,23.3882293701172
2000,11,23.1170825958252
2000,12,23.3218097686768
2001,1,23.8161392211914
2001,2,23.6742534637451
2001,3,21.5420303344727
2001,4,17.8483963012695
2001,5,11.6937370300293
2001,6,8.63709449768066
2001,7,7.57346200942993
2001,8,5.59708023071289
2001,9,4.34037399291992
2001,10,3.74617981910706
2001,11,3.96117806434631
2001,12,3.97537398338318
2002,1,4.16164016723633
2002,2,6.13696575164795
2002,3,6.2335000038147
2002,4,9.88437938690186
2002,5,7.51779508590698
2002,6,5.93397378921509
2002,7,4.54607772827148
2002,8,2.04944324493408
2002,9,1.95938444137573
2002,10,1.92932689189911
2002,11,1.90811920166016
2002,12,1.50561094284058
2003,1,1.14533722400665
2003,2,1.12893462181091
2003,3,1.09485507011414
2003,4,1.43933069705963
2003,5,1.43674981594086
2003,6,1.76746094226837
2003,7,15.9801435470581
2003,8,21.8701667785645
2003,9,22.3314800262451
2003,10,22.428731918335
2003,11,22.4086647033691
2003,12,22.3015422821045
2004,1,21.9532775878906
2004,2,22.0012760162354
2004,3,22.060173034668
2004,4,21.9926109313965
2004,5,21.3785190582275
2004,6,22.0234146118164
2004,7,21.7397556304932
2004,8,21.9373912811279
2004,9,22.2779064178467
2004,10,22.776029586792
2004,11,24.1648387908936
2004,12,22.825611114502
2005,1,22.9680347442627
2005,2,23.679292678833
2005,3,23.7358322143555
2005,4,24.5955047607422
2005,5,24.179328918457
2005,6,26.6367321014404
2005,7,31.5813407897949
2005,8,31.4695472717285
2005,9,30.5459442138672
2005,10,31.2381134033203
2005,11,29.725606918335
2005,12,30.8154563903809
2006,1,32.958423614502
2006,2,34.1181602478027
2006,3,32.4289627075195
2006,4,32.9742851257324
2006,5,35.5729293823242
2006,6,37.3504791259766
2006,7,38.2890357971191
2006,8,37.4993934631348
2006,9,36.9905090332031
2006,10,36.1369743347168
2006,11,35.9309616088867
2006,12,35.6938972473145
2007,1,35.2828521728516
2007,2,35.3279113769531
2007,3,34.8312225341797
2007,4,34.8252754211426
2007,5,34.487232208252
2007,6,33.3867073059082
2007,7,34.537353515625
2007,8,34.1108169555664
2007,9,34.070499420166
2007,10,33.7684555053711
2007,11,33.6244621276855
2007,12,32.8909912109375
2008,1,32.5697937011719
2008,2,32.1402931213379
2008,3,32.0413208007812
2008,4,31.8362789154053
2008,5,31.3697319030762
2008,6,31.0184288024902
2008,7,30.0924472808838
2008,8,29.6805286407471
2008,9,29.7274856567383
2008,10,29.8190536499023
2008,11,30.4598579406738
2008,12,29.974573135376
2009,1,29.7182121276855
2009,2,29.6787395477295
2009,3,29.6696872711182
2009,4,29.5979328155518
2009,5,29.3377876281738
2009,6,30.5948677062988
2009,7,35.1672325134277
2009,8,33.6262474060059
2009,9,34.1003799438477
2009,10,35.10107421875
2009,11,34.6320304870605
2009,12,34.1079597473145
2010,1,33.7669792175293
2010,2,33.7688827514648
2010,3,33.8012161254883
2010,4,34.0190010070801
2010,5,35.2213745117188
2010,6,35.9945907592773
2010,7,35.8386306762695
2010,8,37.6374893188477
2010,9,38.8020553588867
2010,10,38.5153465270996
2010,11,38.2691116333008
2010,12,38.0045585632324
2011,1,37.8493385314941
2011,2,37.5527877807617
2011,3,37.1305122375488
2011,4,36.6331977844238
2011,5,37.0381507873535
2011,6,36.3293952941895
2011,7,34.0909843444824
2011,8,33.4305076599121
2011,9,33.2011528015137
2011,10,31.8448085784912
2011,11,29.960298538208
2011,12,28.7743434906006
2012,1,28.6622886657715
2012,2,28.5123558044434
2012,3,28.6268196105957
2012,4,28.4993305206299
2012,5,28.2867641448975
2012,6,28.1268615722656
2012,7,28.1924743652344
2012,8,28.1111030578613
2012,9,27.7458992004395
2012,10,27.8032550811768
2012,11,27.4700870513916
2012,12,27.7047157287598
2013,1,27.6500663757324
2013,2,27.6575717926025
2013,3,27.5320892333984
2013,4,27.7901058197021
2013,5,27.3495597839355
2013,6,27.4706573486328
2013,7,27.3254623413086
2013,8,27.2418251037598
2013,9,27.1376953125
2013,10,26.9976367950439
2013,11,27.0688533782959
2013,12,27.0807266235352
2014,1,27.6208782196045
2014,2,27.6294765472412
2014,3,27.5324077606201
2014,4,28.2335243225098
2014,5,28.1442050933838
2014,6,28.1033973693848
2014,7,27.9059944152832
2014,8,27.7805557250977
2014,9,27.9175395965576
2014,10,27.861400604248
2014,11,27.8545074462891
2014,12,27.9269027709961
2015,1,27.9683780670166
2015,2,27.883846282959
2015,3,27.8457508087158
2015,4,28.0044784545898
2015,5,28.1633834838867
2015,6,28.5262775421143
2015,7,28.071798324585
2015,8,27.771936416626
2015,9,27.9429130554199
2015,10,27.7710304260254
2015,11,27.9320583343506
2015,12,27.6671829223633
2016,1,27.5165462493896
2016,2,27.6691036224365
2016,3,27.9048480987549
2016,4,27.8742446899414
2016,5,27.6314506530762
2016,6,27.7040195465088
2016,7,27.9334411621094
2016,8,27.6917152404785
2016,9,27.8711261749268
2016,10,27.9450397491455
2016,11,27.8856258392334
2016,12,28.0183143615723
2017,1,28.1509017944336
2017,2,27.8649272918701
2017,3,28.2393188476562
2017,4,27.995174407959
2017,5,27.5830917358398
2017,6,27.5361423492432
2017,7,27.761531829834
2017,8,27.2563705444336
2017,9,27.1988906860352
2017,10,27.2506408691406
2017,11,27.0288372039795
2017,12,26.9172458648682
2018,1,26.9844093322754
2018,2,27.38600730896
2018,3,26.6759967803955
2018,4,26.7006568908691
2018,5,26.7853088378906
2018,6,26.6120471954346
2018,7,26.7070789337158
2018,8,27.1751251220703
2018,9,27.0468273162842
2018,10,26.6182041168213
2018,11,26.8036441802979
2018,12,26.7201747894287
2019,1,26.4989490509033
2019,2,26.8119029998779
2019,3,26.4714946746826
2019,4,26.8790702819824
2019,5,26.5712261199951
2019,6,26.842737197876
2019,7,26.913480758667
2019,8,26.2850685119629
2019,9,26.7389831542969
2019,10,26.5856742858887
2019,11,26.5447292327881
2019,12,26.6151485443115
2020,1,26.6404399871826
2020,2,26.511302947998
2020,3,26.6821041107178
2020,4,26.3743686676025
2020,5,26.1452770233154
2020,6,25.9486255645752
2020,7,25.9594497680664
2020,8,25.8951454162598
2020,9,25.9746360778809
2020,10,26.0477638244629
2020,11,25.8658714294434
2020,12,NaN
