Year,Month,Conc
1986,1,NaN
1986,2,0.626309812068939
1986,3,0.626718997955322
1986,4,0.626548528671265
1986,5,0.625167429447174
1986,6,0.625150442123413
1986,7,0.626071095466614
1986,8,0.626139342784882
1986,9,0.62518447637558
1986,10,0.626718997955322
1986,11,0.62542325258255
1986,12,0.626275718212128
1987,1,0.62520158290863
1987,2,0.627656817436218
1987,3,0.626326858997345
1987,4,0.626292765140533
1987,5,0.627486288547516
1987,6,0.629361808300018
1987,7,0.629856288433075
1987,8,0.628560483455658
1987,9,0.629890382289886
1987,10,0.633385717868805
1987,11,0.638415515422821
1987,12,0.636216044425964
1988,1,0.640222907066345
1988,2,0.641262948513031
1988,3,0.64204728603363
1988,4,0.648236513137817
1988,5,0.648782134056091
1988,6,0.646565616130829
1988,7,0.644911706447601
1988,8,0.643564760684967
1988,9,0.643598854541779
1988,10,0.643377244472504
1988,11,0.641774475574493
1988,12,0.643786430358887
1989,1,0.644076228141785
1989,2,0.643445372581482
1989,3,0.643547713756561
1989,4,0.647349953651428
1989,5,0.647827327251434
1989,6,0.647486329078674
1989,7,0.647605657577515
1989,8,0.646548569202423
1989,9,0.64625871181488
1989,10,0.647042989730835
1989,11,0.648969709873199
1989,12,0.65035080909729
1990,1,0.651305615901947
1990,2,0.647810280323029
1990,3,0.648833274841309
1990,4,0.649378895759583
1990,5,3.45425295829773
1990,6,3.98468160629272
1990,7,3.85700440406799
1990,8,3.96454310417175
1990,9,4.06048583984375
1990,10,4.18846368789673
1990,11,7.27029705047607
1990,12,8.28693866729736
1991,1,8.33276176452637
1991,2,8.4809627532959
1991,3,8.01186180114746
1991,4,9.0940465927124
1991,5,12.4060497283936
1991,6,12.9301061630249
1991,7,13.6615915298462
1991,8,18.1865119934082
1991,9,19.9247798919678
1991,10,19.9812355041504
1991,11,19.5350856781006
1991,12,20.3185501098633
1992,1,18.9187412261963
1992,2,18.9491138458252
1992,3,19.8320217132568
1992,4,20.7471618652344
1992,5,21.7924728393555
1992,6,22.1623039245605
1992,7,22.5323448181152
1992,8,22.8137989044189
1992,9,22.8056621551514
1992,10,23.2780342102051
1992,11,23.3270893096924
1992,12,23.0646839141846
1993,1,23.4609413146973
1993,2,23.27028465271
1993,3,23.1164398193359
1993,4,22.6706943511963
1993,5,23.5107479095459
1993,6,23.2883415222168
1993,7,22.9268455505371
1993,8,23.4879379272461
1993,9,24.6580486297607
1993,10,27.2927837371826
1993,11,27.9389095306396
1993,12,28.5321598052979
1994,1,28.2387065887451
1994,2,28.6082324981689
1994,3,28.4674530029297
1994,4,28.032283782959
1994,5,28.8524322509766
1994,6,28.5339546203613
1994,7,28.3325443267822
1994,8,28.4738159179688
1994,9,28.7049617767334
1994,10,28.8484077453613
1994,11,28.4366683959961
1994,12,28.2672233581543
1995,1,28.2832374572754
1995,2,28.9749450683594
1995,3,29.0052928924561
1995,4,28.219841003418
1995,5,28.4153099060059
1995,6,28.6757736206055
1995,7,28.5379333496094
1995,8,28.1360130310059
1995,9,29.1447410583496
1995,10,26.7425346374512
1995,11,27.5766716003418
1995,12,28.5948429107666
1996,1,28.3850402832031
1996,2,28.0346984863281
1996,3,27.9836025238037
1996,4,31.1388168334961
1996,5,31.9781131744385
1996,6,32.2667388916016
1996,7,32.4727325439453
1996,8,32.3110809326172
1996,9,32.4311904907227
1996,10,32.764087677002
1996,11,32.3999176025391
1996,12,32.4559555053711
1997,1,32.4275016784668
1997,2,33.2472343444824
1997,3,33.3598670959473
1997,4,33.701774597168
1997,5,34.2011260986328
1997,6,35.2138900756836
1997,7,36.8410339355469
1997,8,42.4669151306152
1997,9,44.3483238220215
1997,10,46.752368927002
1997,11,51.9036674499512
1997,12,51.8632545471191
1998,1,52.4550933837891
1998,2,52.5481033325195
1998,3,54.3315887451172
1998,4,56.3839340209961
1998,5,59.4570007324219
1998,6,64.0957183837891
1998,7,77.2227096557617
1998,8,88.4122924804688
1998,9,91.0679397583008
1998,10,96.3423004150391
1998,11,97.5909729003906
1998,12,104.313835144043
1999,1,103.364540100098
1999,2,108.11939239502
1999,3,108.640823364258
1999,4,107.73624420166
1999,5,108.917953491211
1999,6,104.928375244141
1999,7,102.578636169434
1999,8,97.6716461181641
1999,9,94.342903137207
1999,10,91.6166305541992
1999,11,91.4888381958008
1999,12,90.4903869628906
2000,1,87.4497985839844
2000,2,85.8825378417969
2000,3,83.7712631225586
2000,4,82.8127670288086
2000,5,80.5191116333008
2000,6,81.1240692138672
2000,7,78.9463195800781
2000,8,79.3728103637695
2000,9,78.5695495605469
2000,10,78.8363342285156
2000,11,78.7120819091797
2000,12,77.5515975952148
2001,1,78.7687835693359
2001,2,81.6765060424805
2001,3,76.3813705444336
2001,4,74.3039703369141
2001,5,74.0756607055664
2001,6,72.8360824584961
2001,7,70.696403503418
2001,8,70.1207427978516
2001,9,70.3076095581055
2001,10,68.0456237792969
2001,11,67.0300445556641
2001,12,63.7856674194336
2002,1,61.4775505065918
2002,2,61.2020454406738
2002,3,57.1561431884766
2002,4,54.9596214294434
2002,5,55.3756637573242
2002,6,54.8817138671875
2002,7,54.4119300842285
2002,8,50.2467384338379
2002,9,45.1877555847168
2002,10,44.3630523681641
2002,11,43.979907989502
2002,12,37.3549423217773
2003,1,32.6702156066895
2003,2,32.5976333618164
2003,3,32.6741714477539
2003,4,32.4701347351074
2003,5,30.8047046661377
2003,6,32.1464309692383
2003,7,59.369800567627
2003,8,67.244384765625
2003,9,67.9711303710938
2003,10,64.3638610839844
2003,11,62.2881355285645
2003,12,58.2033157348633
2004,1,54.8357086181641
2004,2,53.6614036560059
2004,3,53.9671478271484
2004,4,53.024242401123
2004,5,53.8001403808594
2004,6,52.9209747314453
2004,7,52.3594017028809
2004,8,52.4233856201172
2004,9,52.3601493835449
2004,10,53.4966087341309
2004,11,54.1794586181641
2004,12,55.2472229003906
2005,1,55.6858940124512
2005,2,56.2527732849121
2005,3,55.0924186706543
2005,4,55.9814453125
2005,5,64.8738708496094
2005,6,66.8755874633789
2005,7,67.8045806884766
2005,8,66.1856155395508
2005,9,67.2012329101562
2005,10,67.9680023193359
2005,11,68.5136184692383
2005,12,69.1496658325195
2006,1,71.7723770141602
2006,2,75.8740692138672
2006,3,77.3821716308594
2006,4,78.6244354248047
2006,5,78.2705917358398
2006,6,85.5831298828125
2006,7,90.8093719482422
2006,8,122.458930969238
2006,9,125.177040100098
2006,10,126.316139221191
2006,11,130.772872924805
2006,12,131.927612304688
2007,1,132.093032836914
2007,2,132.689865112305
2007,3,132.849075317383
2007,4,133.136947631836
2007,5,133.530395507812
2007,6,133.07096862793
2007,7,133.087463378906
2007,8,132.832702636719
2007,9,132.657669067383
2007,10,131.709823608398
2007,11,130.955673217773
2007,12,129.241897583008
2008,1,128.534591674805
2008,2,127.76131439209
2008,3,127.116828918457
2008,4,126.994903564453
2008,5,126.855690002441
2008,6,125.817596435547
2008,7,125.490310668945
2008,8,124.865226745605
2008,9,124.669021606445
2008,10,124.547920227051
2008,11,124.606994628906
2008,12,124.835876464844
2009,1,124.450996398926
2009,2,124.849884033203
2009,3,124.989883422852
2009,4,125.439582824707
2009,5,124.845008850098
2009,6,124.294792175293
2009,7,123.561256408691
2009,8,123.291702270508
2009,9,121.905662536621
2009,10,122.792442321777
2009,11,120.86994934082
2009,12,119.837905883789
2010,1,119.439643859863
2010,2,121.906555175781
2010,3,122.214988708496
2010,4,123.151962280273
2010,5,125.257949829102
2010,6,127.007537841797
2010,7,128.128845214844
2010,8,130.399917602539
2010,9,132.481399536133
2010,10,132.564376831055
2010,11,133.107238769531
2010,12,133.75764465332
2011,1,135.111190795898
2011,2,137.597427368164
2011,3,140.500335693359
2011,4,144.247085571289
2011,5,148.209930419922
2011,6,152.971420288086
2011,7,193.620361328125
2011,8,226.952239990234
2011,9,238.295318603516
2011,10,249.975784301758
2011,11,241.847274780273
2011,12,246.073104858398
2012,1,251.606842041016
2012,2,256.8408203125
2012,3,257.097412109375
2012,4,258.785675048828
2012,5,259.039947509766
2012,6,259.879302978516
2012,7,258.264801025391
2012,8,260.115753173828
2012,9,261.033599853516
2012,10,258.919189453125
2012,11,259.8515625
2012,12,258.609832763672
2013,1,257.488616943359
2013,2,259.106536865234
2013,3,258.892883300781
2013,4,257.154296875
2013,5,259.152648925781
2013,6,259.756591796875
2013,7,261.029113769531
2013,8,262.208465576172
2013,9,259.776916503906
2013,10,260.234771728516
2013,11,260.815704345703
2013,12,261.309478759766
2014,1,261.742279052734
2014,2,261.56689453125
2014,3,263.184387207031
2014,4,265.70654296875
2014,5,265.374450683594
2014,6,265.831726074219
2014,7,267.249938964844
2014,8,273.448028564453
2014,9,270.827362060547
2014,10,280.859771728516
2014,11,281.693664550781
2014,12,285.850189208984
2015,1,285.273895263672
2015,2,284.471923828125
2015,3,283.620727539062
2015,4,283.201019287109
2015,5,282.274078369141
2015,6,280.615356445312
2015,7,284.160095214844
2015,8,286.298126220703
2015,9,286.057861328125
2015,10,286.360198974609
2015,11,286.277038574219
2015,12,286.478332519531
2016,1,287.720825195312
2016,2,287.100189208984
2016,3,286.170715332031
2016,4,286.557861328125
2016,5,286.485198974609
2016,6,286.690216064453
2016,7,285.699188232422
2016,8,286.422973632812
2016,9,285.507385253906
2016,10,286.099731445312
2016,11,286.287689208984
2016,12,283.243225097656
2017,1,283.078735351562
2017,2,283.597045898438
2017,3,282.177703857422
2017,4,283.002014160156
2017,5,284.415740966797
2017,6,285.053680419922
2017,7,281.550384521484
2017,8,278.25732421875
2017,9,278.459747314453
2017,10,278.335998535156
2017,11,277.931060791016
2017,12,277.718994140625
2018,1,278.289123535156
2018,2,275.415435791016
2018,3,276.217590332031
2018,4,275.626708984375
2018,5,273.904022216797
2018,6,273.841278076172
2018,7,271.416534423828
2018,8,269.053314208984
2018,9,266.202697753906
2018,10,262.665130615234
2018,11,259.332061767578
2018,12,255.967483520508
2019,1,255.572463989258
2019,2,255.346939086914
2019,3,254.640014648438
2019,4,254.081512451172
2019,5,254.707763671875
2019,6,254.969985961914
2019,7,255.14924621582
2019,8,256.098327636719
2019,9,256.348510742188
2019,10,255.660614013672
2019,11,255.530090332031
2019,12,255.641830444336
2020,1,254.986312866211
2020,2,254.754272460938
2020,3,254.247711181641
2020,4,254.32746887207
2020,5,253.645263671875
2020,6,253.74951171875
2020,7,253.655944824219
2020,8,253.603668212891
2020,9,253.404113769531
2020,10,253.365249633789
2020,11,253.446380615234
2020,12,NaN
