Year,Month,Conc
1986,1,NaN
1986,2,0.0114392526447773
1986,3,0.0113799571990967
1986,4,0.0113924173638225
1986,5,0.0114005822688341
1986,6,0.011409604921937
1986,7,0.0113988630473614
1986,8,0.0114078866317868
1986,9,0.0114671820774674
1986,10,0.0113631999120116
1986,11,0.0113868322223425
1986,12,0.0113520277664065
1987,1,0.0113782389089465
1987,2,0.0113206626847386
1987,3,0.011380816809833
1987,4,0.0113790975883603
1987,5,0.011372652836144
1987,6,0.0113851139321923
1987,7,0.0113773792982101
1987,8,0.0114362444728613
1987,9,0.0113889807835221
1987,10,0.0113674970343709
1987,11,0.0113825350999832
1987,12,0.0114770643413067
1988,1,0.0113408574834466
1988,2,0.0113769499585032
1988,3,0.0113619118928909
1988,4,0.0113576147705317
1988,5,0.0113365603610873
1988,6,0.0113425757735968
1988,7,0.0114362444728613
1988,8,0.0114603070542216
1988,9,0.0113649191334844
1988,10,0.0113717941567302
1988,11,0.0114499945193529
1988,12,0.0113700749352574
1989,1,0.0113683566451073
1989,2,0.0113657778128982
1989,3,0.0113984337076545
1989,4,0.011401011608541
1989,5,0.0113859726116061
1989,6,0.01144655700773
1989,7,0.0114078866317868
1989,8,0.0113902697339654
1989,9,0.0114126121625304
1989,10,0.0113610522821546
1989,11,0.0114027298986912
1989,12,0.0113473022356629
1990,1,0.0113507397472858
1990,2,0.0114448387175798
1990,3,0.0113799571990967
1990,4,0.011409604921937
1990,5,0.0114280814304948
1990,6,0.0114444093778729
1990,7,0.0113756600767374
1990,8,0.0114401122555137
1990,9,0.0113988630473614
1990,10,0.0114177688956261
1990,11,0.0113937072455883
1990,12,0.0114658921957016
1991,1,0.0113709345459938
1991,2,0.0113597624003887
1991,3,0.0114164799451828
1991,4,0.0114414012059569
1991,5,0.0114375343546271
1991,6,0.0113709345459938
1991,7,0.0113554652780294
1991,8,0.0114065976813436
1991,9,0.0113786682486534
1991,10,0.0114319482818246
1991,11,0.0113825350999832
1991,12,0.0113962851464748
1992,1,0.0113606220111251
1992,2,0.0113507397472858
1992,3,0.0114233549684286
1992,4,0.0114091755822301
1992,5,0.0113730821758509
1992,6,0.0113576147705317
1992,7,0.0114555796608329
1992,8,0.0114181991666555
1992,9,0.0114108938723803
1992,10,0.0113838249817491
1992,11,0.0114620253443718
1992,12,0.0113821057602763
1993,1,0.0114259328693151
1993,2,0.0113705042749643
1993,3,0.0113683566451073
1993,4,0.0114289401099086
1993,5,0.0113666374236345
1993,6,0.0114843687042594
1993,7,0.0114065976813436
1993,8,0.0113932769745588
1993,9,0.0114164799451828
1993,10,0.011384254321456
1993,11,0.0113954255357385
1993,12,0.0113571844995022
1994,1,0.011409604921937
1994,2,0.0113687859848142
1994,3,0.0113752316683531
1994,4,0.0114512834697962
1994,5,0.0113447243347764
1994,6,0.0114078866317868
1994,7,0.0114070270210505
1994,8,0.0113937072455883
1994,9,0.0113687859848142
1994,10,0.0113705042749643
1994,11,0.0114053077995777
1994,12,0.0114130424335599
1995,1,0.0114031601697206
1995,2,0.0113485911861062
1995,3,0.0113473022356629
1995,4,0.0114293703809381
1995,5,0.0114151909947395
1995,6,0.0113717941567302
1995,7,0.0114216366782784
1995,8,0.0114461276680231
1995,9,0.011341717094183
1995,10,0.0113653484731913
1995,11,0.0114375343546271
1995,12,0.0113752316683531
1996,1,0.0114087453112006
1996,2,0.0114053077995777
1996,3,0.0113571844995022
1996,4,0.0114448387175798
1996,5,0.0114383939653635
1996,6,0.0114194871857762
1996,7,0.0113554652780294
1996,8,0.0113692153245211
1996,9,0.0114035895094275
1996,10,0.0112738274037838
1996,11,0.0113051943480968
1996,12,0.0113425757735968
1997,1,0.0113301146775484
1997,2,0.0113060530275106
1997,3,0.0111857438459992
1997,4,0.011093364097178
1997,5,0.0111780101433396
1997,6,0.0109442668035626
1997,7,0.0109528601169586
1997,8,0.0108944242820144
1997,9,0.0108583318069577
1997,10,0.0108484486117959
1997,11,0.0108695030212402
1997,12,0.0109605938196182
1998,1,0.0109567269682884
1998,2,0.0109442668035626
1998,3,0.0110052805393934
1998,4,0.0109859444200993
1998,5,0.0109309460967779
1998,6,0.0109863746911287
1998,7,0.0109399696812034
1998,8,0.0110207488760352
1998,9,0.0109446961432695
1998,10,0.0109567269682884
1998,11,0.0110044209286571
1998,12,0.0109292278066278
1999,1,0.0110723106190562
1999,2,0.0110027017071843
1999,3,0.0109932497143745
1999,4,0.0110671538859606
1999,5,0.0109562966972589
1999,6,0.010936101898551
1999,7,0.0109275095164776
1999,8,0.0109159080311656
1999,9,0.010884971357882
1999,10,0.0108832521364093
1999,11,0.0108695030212402
1999,12,0.0108978617936373
2000,1,0.0108553236350417
2000,2,0.010868214070797
2000,3,0.0108729396015406
2000,4,0.0108914161100984
2000,5,0.0109833665192127
2000,6,0.0109756328165531
2000,7,0.0108939940109849
2000,8,0.0109335239976645
2000,9,0.0110082887113094
2000,10,0.0109953982755542
2000,11,0.0109859444200993
2000,12,0.0110198892652988
2001,1,0.0109313763678074
2001,2,0.010982078500092
2001,3,0.0109193446114659
2001,4,0.0110022732988
2001,5,0.011019030585885
2001,6,0.0109842261299491
2001,7,0.0109369615092874
2001,8,0.0109919607639313
2001,9,0.0110048511996865
2001,10,0.0111432056874037
2001,11,0.0110748875886202
2001,12,0.0110710207372904
2002,1,0.0111638307571411
2002,2,0.0112020717933774
2002,3,0.0112463282421231
2002,4,0.0113051943480968
2002,5,0.0114229246973991
2002,6,0.0121258739382029
2002,7,0.0122912991791964
2002,8,0.0123114939779043
2002,9,0.012364343740046
2002,10,0.0124270776286721
2002,11,0.0128790959715843
2002,12,0.0150983687490225
2003,1,0.0161923244595528
2003,2,0.0171131175011396
2003,3,0.0174439698457718
2003,4,0.0176403317600489
2003,5,0.0180193055421114
2003,6,0.0180987939238548
2003,7,0.0182276964187622
2003,8,0.0183364041149616
2003,9,0.0183901153504848
2003,10,0.0184395276010036
2003,11,0.0185211654752493
2003,12,0.0184571426361799
2004,1,0.018636317923665
2004,2,0.018608819693327
2004,3,0.0187256913632154
2004,4,0.0186694040894508
2004,5,0.0189499817788601
2004,6,0.0187570564448833
2004,7,0.0187892820686102
2004,8,0.0187136586755514
2004,9,0.0185658521950245
2004,10,0.01864018663764
2004,11,0.0186960436403751
2004,12,0.0187561996281147
2005,1,0.018750611692667
2005,2,0.0187458861619234
2005,3,0.0185838975012302
2005,4,0.0185447968542576
2005,5,0.0185598377138376
2005,6,0.0185658521950245
2005,7,0.0187295582145452
2005,8,0.0184859335422516
2005,9,0.0184184722602367
2005,10,0.0182672273367643
2005,11,0.0184055827558041
2005,12,0.0181984789669514
2006,1,0.0181271526962519
2006,2,0.0180034078657627
2006,3,0.0181971900165081
2006,4,0.0183664821088314
2006,5,0.0185538195073605
2006,6,0.0188511572778225
2006,7,0.0192915741354227
2006,8,0.0193955544382334
2006,9,0.0194166097790003
2006,10,0.01976034976542
2006,11,0.0197964422404766
2006,12,0.0198097620159388
2007,1,0.0198557376861572
2007,2,0.0198222231119871
2007,3,0.0199928041547537
2007,4,0.0199966710060835
2007,5,0.0199584309011698
2007,6,0.0200864747166634
2007,7,0.0201118234544992
2007,8,0.0202510394155979
2007,9,0.0201973300427198
2007,10,0.0203094761818647
2007,11,0.0203537326306105
2007,12,0.0204070117324591
2008,1,0.0203790813684464
2008,2,0.0203863885253668
2008,3,0.0203829500824213
2008,4,0.0204104483127594
2008,5,0.0204607211053371
2008,6,0.0206171218305826
2008,7,0.0206407550722361
2008,8,0.0206321626901627
2008,9,0.0206467714160681
2008,10,0.0206471998244524
2008,11,0.0207404382526875
2008,12,0.0208018831908703
2009,1,0.0206966120749712
2009,2,0.0207412987947464
2009,3,0.0207391511648893
2009,4,0.0207803994417191
2009,5,0.0207795407623053
2009,6,0.0210459381341934
2009,7,0.021085899323225
2009,8,0.0211249999701977
2009,9,0.0211417563259602
2009,10,0.0212328471243382
2009,11,0.0212238244712353
2009,12,0.0212208162993193
2010,1,0.0212208162993193
2010,2,0.0212526135146618
2010,3,0.0212521832436323
2010,4,0.0212792530655861
2010,5,0.0212663616985083
2010,6,0.0212844088673592
2010,7,0.0212998762726784
2010,8,0.0213342513889074
2010,9,0.0213797967880964
2010,10,0.0213819462805986
2010,11,0.0214378032833338
2010,12,0.0214008521288633
2011,1,0.0213961247354746
2011,2,0.0213686246424913
2011,3,0.0211099609732628
2011,4,0.0210021119564772
2011,5,0.0209097322076559
2011,6,0.0208392664790154
2011,7,0.0208702012896538
2011,8,0.0207799710333347
2011,9,0.0208302419632673
2011,10,0.0208818037062883
2011,11,0.0209346525371075
2011,12,0.0208598896861076
2012,1,0.020840123295784
2012,2,0.0208306722342968
2012,3,0.0208388343453407
2012,4,0.0208233688026667
2012,5,0.0208246558904648
2012,6,0.0208366867154837
2012,7,0.0209217630326748
2012,8,0.0209582857787609
2012,9,0.0209526997059584
2012,10,0.0209746137261391
2012,11,0.0209496933966875
2012,12,0.021082891151309
2013,1,0.021194176748395
2013,2,0.0214304998517036
2013,3,0.0218352526426315
2013,4,0.0222907103598118
2013,5,0.0224621500819921
2013,6,0.022188875824213
2013,7,0.02197833545506
2013,8,0.0219620075076818
2013,9,0.0219224765896797
2013,10,0.0219224765896797
2013,11,0.021884236484766
2013,12,0.0219353660941124
2014,1,0.0219993889331818
2014,2,0.0219985283911228
2014,3,0.0219950918108225
2014,4,0.0220578256994486
2014,5,0.0220118500292301
2014,6,0.0221012234687805
2014,7,0.0221579391509295
2014,8,0.0222030561417341
2014,9,0.0222451630979776
2014,10,0.0222266875207424
2014,11,0.0222821161150932
2014,12,0.0222490299493074
2015,1,0.022231413051486
2015,2,0.0222369991242886
2015,3,0.0222507491707802
2015,4,0.022337544709444
2015,5,0.022326372563839
2015,6,0.0224548447877169
2015,7,0.0223955512046814
2015,8,0.0223452784121037
2015,9,0.0224140267819166
2015,10,0.0223981272429228
2015,11,0.0223955512046814
2015,12,0.0224166046828032
2016,1,0.0223899632692337
2016,2,0.0223491452634335
2016,3,0.0224080104380846
2016,4,0.022334536537528
2016,5,0.0222786776721478
2016,6,0.0222803968936205
2016,7,0.0221570804715157
2016,8,0.0220307558774948
2016,9,0.0220715757459402
2016,10,0.0219693128019571
2016,11,0.0218713469803333
2016,12,0.0218305271118879
2017,1,0.0202003382146358
2017,2,0.0200207326561213
2017,3,0.0200800281018019
2017,4,0.0200559664517641
2017,5,0.0200215931981802
2017,6,0.0200873333960772
2017,7,0.0204968135803938
2017,8,0.0208474285900593
2017,9,0.021647484973073
2017,10,0.0222378596663475
2017,11,0.0225562490522861
2017,12,0.0224105883389711
2018,1,0.0225253123790026
2018,2,0.0226877294480801
2018,3,0.0226963236927986
2018,4,0.0228806529194117
2018,5,0.0230688508599997
2018,6,0.0234744641929865
2018,7,0.0237464495003223
2018,8,0.0239011347293854
2018,9,0.0240979250520468
2018,10,0.0242001879960299
2018,11,0.02437549456954
2018,12,0.0243853777647018
2019,1,0.0243849474936724
2019,2,0.0243961196392775
2019,3,0.0244352202862501
2019,4,0.0244601406157017
2019,5,0.024489788338542
2019,6,0.0248726289719343
2019,7,0.0254234727472067
2019,8,0.0259218979626894
2019,9,0.0261182598769665
2019,10,0.0262411460280418
2019,11,0.026351572945714
2019,12,0.0264293439686298
2020,1,0.0264744609594345
2020,2,0.0265328958630562
2020,3,0.0265840273350477
2020,4,0.0266613699495792
2020,5,0.0266501978039742
2020,6,0.0266807060688734
2020,7,0.0266991797834635
2020,8,0.0267236717045307
2020,9,0.0267034787684679
2020,10,0.0267172269523144
2020,11,0.0267021879553795
2020,12,NaN
