Year,Month,Concentration
1986,1,0
1986,2,0
1986,3,0
1986,4,0
1986,5,0
1986,6,0
1986,7,0
1986,8,0
1986,9,0
1986,10,0
1986,11,0
1986,12,0
1987,1,0
1987,2,0
1987,3,0
1987,4,0
1987,5,0
1987,6,0
1987,7,0
1987,8,0
1987,9,0
1987,10,0
1987,11,0
1987,12,0
1988,1,0
1988,2,0
1988,3,0
1988,4,0
1988,5,0
1988,6,0
1988,7,0
1988,8,0
1988,9,0
1988,10,0
1988,11,0
1988,12,0
1989,1,0
1989,2,0
1989,3,0
1989,4,0
1989,5,0
1989,6,0
1989,7,0
1989,8,0
1989,9,0
1989,10,0
1989,11,0
1989,12,0
1990,1,0
1990,2,0
1990,3,0
1990,4,0
1990,5,0
1990,6,0
1990,7,0
1990,8,0
1990,9,0
1990,10,0
1990,11,0
1990,12,0
1991,1,0
1991,2,0
1991,3,0
1991,4,0
1991,5,0
1991,6,0
1991,7,0
1991,8,0
1991,9,0
1991,10,0
1991,11,0
1991,12,0
1992,1,0
1992,2,0
1992,3,0
1992,4,0
1992,5,0
1992,6,0
1992,7,0
1992,8,0
1992,9,0
1992,10,0
1992,11,0
1992,12,0
1993,1,0
1993,2,0
1993,3,0
1993,4,0
1993,5,0
1993,6,0
1993,7,0
1993,8,0
1993,9,0
1993,10,0
1993,11,0
1993,12,0
1994,1,0
1994,2,0
1994,3,0
1994,4,0
1994,5,0
1994,6,0
1994,7,0
1994,8,0
1994,9,0
1994,10,0
1994,11,0
1994,12,0
1995,1,0
1995,2,0
1995,3,0
1995,4,0
1995,5,0
1995,6,0
1995,7,0
1995,8,0
1995,9,0
1995,10,0
1995,11,0
1995,12,0
1996,1,0
1996,2,0
1996,3,0
1996,4,0
1996,5,0
1996,6,0
1996,7,0
1996,8,0
1996,9,0
1996,10,0
1996,11,0
1996,12,0
1997,1,0
1997,2,0
1997,3,0
1997,4,0
1997,5,0
1997,6,0
1997,7,0
1997,8,0
1997,9,0
1997,10,0
1997,11,0
1997,12,0
1998,1,0
1998,2,0
1998,3,0
1998,4,0
1998,5,0
1998,6,0
1998,7,0
1998,8,0
1998,9,0
1998,10,0
1998,11,0
1998,12,0
1999,1,0
1999,2,0
1999,3,0
1999,4,0
1999,5,0
1999,6,0
1999,7,0
1999,8,0
1999,9,0
1999,10,0
1999,11,0
1999,12,0
2000,1,0
2000,2,0
2000,3,0
2000,4,0
2000,5,0
2000,6,0
2000,7,0
2000,8,0
2000,9,0
2000,10,0
2000,11,0
2000,12,0
2001,1,0
2001,2,0
2001,3,0
2001,4,0
2001,5,0
2001,6,0
2001,7,0
2001,8,0
2001,9,0
2001,10,0
2001,11,0
2001,12,0
2002,1,0
2002,2,0
2002,3,0
2002,4,0
2002,5,0
2002,6,0
2002,7,0
2002,8,0
2002,9,0
2002,10,0
2002,11,0
2002,12,0
2003,1,0
2003,2,0
2003,3,0
2003,4,0
2003,5,0
2003,6,0
2003,7,0
2003,8,0
2003,9,0
2003,10,0
2003,11,0
2003,12,0
2004,1,0
2004,2,0
2004,3,0
2004,4,0
2004,5,0
2004,6,0
2004,7,0
2004,8,0
2004,9,0
2004,10,0
2004,11,0
2004,12,0
2005,1,0
2005,2,0
2005,3,0
2005,4,0
2005,5,0
2005,6,0
2005,7,0
2005,8,0
2005,9,0
2005,10,0
2005,11,0
2005,12,0
2006,1,0
2006,2,0
2006,3,0
2006,4,0
2006,5,0
2006,6,0
2006,7,0
2006,8,0
2006,9,0
2006,10,0
2006,11,0
2006,12,0
2007,1,0
2007,2,0
2007,3,0
2007,4,0
2007,5,0
2007,6,0
2007,7,0
2007,8,0
2007,9,0
2007,10,0
2007,11,0
2007,12,0
2008,1,0
2008,2,0
2008,3,0
2008,4,0
2008,5,0
2008,6,0
2008,7,0
2008,8,0
2008,9,0
2008,10,0
2008,11,0
2008,12,0
2009,1,0
2009,2,0
2009,3,0
2009,4,0
2009,5,0
2009,6,0
2009,7,0
2009,8,0
2009,9,0
2009,10,0
2009,11,0
2009,12,0
2010,1,0
2010,2,0
2010,3,0
2010,4,0
2010,5,0
2010,6,0
2010,7,0
2010,8,0
2010,9,0
2010,10,0
2010,11,0
2010,12,0
2011,1,0
2011,2,0
2011,3,0
2011,4,0
2011,5,0
2011,6,1.37882021094504
2011,7,2.7563465726183
2011,8,2.7564837686222
2011,9,2.75665010094011
2011,10,2.75747230710423
2011,11,2.7615916841456
2011,12,2.76305211800181
2012,1,2.76678298200044
2012,2,2.78902237105286
2012,3,2.79687852546839
2012,4,2.80500841234212
2012,5,2.80500301596394
2012,6,2.8240561298623
2012,7,2.84022308049963
2012,8,2.87686275367268
2012,9,2.90686018530168
2012,10,2.95705496173239
2012,11,3.09221793037202
2012,12,3.18660519027053
2013,1,3.24770905741542
2013,2,3.28778352442944
2013,3,3.33777395640125
2013,4,3.3627110750419
2013,5,3.39794250546508
2013,6,3.44280051364168
2013,7,3.51581312541139
2013,8,3.54605037125833
2013,9,3.55889486590028
2013,10,3.56825982581735
2013,11,3.58089206053303
2013,12,3.5987402067372
2014,1,3.76335053334072
2014,2,3.87473103899722
2014,3,3.87900913924751
2014,4,3.92863646661461
2014,5,3.93997882996029
2014,6,3.97478883403867
2014,7,4.0184555627665
2014,8,4.05122464681007
2014,9,4.05590435195989
2014,10,4.06789018056553
2014,11,4.0965936698404
2014,12,4.10335792604113
2015,1,4.11192504908996
2015,2,4.09822469726372
2015,3,4.08504247236291
2015,4,4.05563375113413
2015,5,4.04540665968517
2015,6,4.03424038967481
2015,7,4.01623978501788
2015,8,4.00629243345007
2015,9,3.9561227401089
2015,10,3.91155680621956
2015,11,3.8354133406209
2015,12,3.81833983714629
2016,1,3.79826234170947
2016,2,3.69608975219753
2016,3,3.57335157726539
2016,4,3.57147574161296
2016,5,3.56553173284169
2016,6,3.54944846491388
2016,7,3.55217354989532
2016,8,3.55652179126641
2016,9,3.55224422817056
2016,10,3.54695823553931
2016,11,3.53633838035261
2016,12,3.53255876372868
2017,1,3.53264087421032
2017,2,3.52751037803659
2017,3,3.52729614489788
2017,4,3.52281406277426
2017,5,3.50886329752716
2017,6,3.49806012857446
2017,7,3.49254932307665
2017,8,3.48731721106737
2017,9,3.48731721106737
2017,10,3.48682748606724
2017,11,3.48589350862412
2017,12,3.48589350862412
