Year,Month,Concentration
1986,1,32.9104575068525
1986,2,32.9129442732745
1986,3,32.9182705417622
1986,4,32.9342493472256
1986,5,32.9337158800157
1986,6,32.9329156792008
1986,7,32.9329156792008
1986,8,32.9441324401042
1986,9,32.9609575814593
1986,10,32.9609575814593
1986,11,32.9609575814593
1986,12,32.96136314335
1987,1,32.9628347503513
1987,2,32.9610523531193
1987,3,32.9514867065149
1987,4,32.9370608018188
1987,5,32.8889636695133
1987,6,32.8889636695133
1987,7,32.882350885714
1987,8,32.8558997505172
1987,9,32.8945886261504
1987,10,32.9067314852481
1987,11,32.9075172177222
1987,12,32.9074037108945
1988,1,32.8365235553835
1988,2,32.7893457895946
1988,3,32.7893457895946
1988,4,32.7080880813263
1988,5,32.6442519491106
1988,6,32.6345876224072
1988,7,32.6345876224072
1988,8,32.6471887915141
1988,9,32.6537249885044
1988,10,32.6522087454752
1988,11,32.6522087454752
1988,12,32.5372526530391
1989,1,32.4596737862521
1989,2,32.4596737862521
1989,3,32.4325918853817
1989,4,32.3694553754057
1989,5,32.3694553754057
1989,6,32.3694553754057
1989,7,32.3116054307714
1989,8,32.2678151707259
1989,9,32.2613925232906
1989,10,32.214065460946
1989,11,32.0603628332374
1989,12,32.0603628332374
1990,1,31.8628176686947
1990,2,31.7649254846613
1990,3,31.7649254846613
1990,4,31.5416454067834
1990,5,31.3257556014385
1990,6,31.3257556014385
1990,7,31.3845033368118
1990,8,31.3450190175808
1990,9,31.348775973806
1990,10,31.3099816617154
1990,11,31.1332570280318
1990,12,31.0918508138871
1991,1,30.8970847384916
1991,2,30.3939623676108
1991,3,30.3770971899006
1991,4,30.3440954825523
1991,5,30.240806829458
1991,6,30.2156906763841
1991,7,30.1630337922263
1991,8,29.6523827933477
1991,9,29.3761889338257
1991,10,29.3436859872721
1991,11,29.1384939527916
1991,12,29.0877632901809
1992,1,28.7230765062475
1992,2,28.1231107968772
1992,3,28.0921394912561
1992,4,27.9295939269568
1992,5,27.4661153076891
1992,6,27.4459295937222
1992,7,27.4492057663007
1992,8,27.2819315921118
1992,9,27.1868604934902
1992,10,27.0878958991637
1992,11,26.9806563347293
1992,12,26.9887473234788
1993,1,26.9771090357086
1993,2,26.7352285678525
1993,3,26.6776446930558
1993,4,26.6907118129292
1993,5,26.6697759790723
1993,6,26.6540244835975
1993,7,26.5943316983373
1993,8,26.6008432657353
1993,9,26.460819966253
1993,10,26.4460321990699
1993,11,26.4356055108859
1993,12,26.4119606184306
1994,1,26.3840642630998
1994,2,26.3143327934871
1994,3,26.271682579986
1994,4,26.2230052506844
1994,5,26.2013166797413
1994,6,26.2021233104941
1994,7,26.2021233104941
1994,8,26.2021233104941
1994,9,26.1961626924448
1994,10,26.1731577334642
1994,11,26.1869174400124
1994,12,26.1923596846878
1995,1,26.1889609940783
1995,2,26.1889609940783
1995,3,26.2120327330761
1995,4,26.2389593036078
1995,5,26.311050798307
1995,6,26.3310629258721
1995,7,26.3320757085388
1995,8,26.3311477451059
1995,9,26.3512111268256
1995,10,26.3690040832337
1995,11,26.4244344793024
1995,12,26.5112082304809
1996,1,26.5976567125253
1996,2,26.6667108710763
1996,3,26.6651398966743
1996,4,26.6636207209651
1996,5,26.680240205996
1996,6,26.6841517647735
1996,7,26.6258635653363
1996,8,26.6382494304498
1996,9,26.7147669325768
1996,10,26.6833140985353
1996,11,26.5701821205064
1996,12,26.6612381831144
1997,1,26.7376415355225
1997,2,26.7241721783478
1997,3,26.8100407988806
1997,4,26.8049419092178
1997,5,26.8596025660382
1997,6,27.0022993938346
1997,7,27.0280441829017
1997,8,27.0285991964375
1997,9,26.6668905442207
1997,10,26.3223581946872
1997,11,25.4613315565341
1997,12,25.2273611107762
1998,1,25.0596396725305
1998,2,24.9258244088182
1998,3,24.9409977730544
1998,4,24.8887544184376
1998,5,24.833407226733
1998,6,24.829634592441
1998,7,24.8708949487312
1998,8,24.9249377890538
1998,9,25.0538552365397
1998,10,25.2469129847822
1998,11,25.4526659504106
1998,12,25.9381804709965
1999,1,26.2058435533706
1999,2,26.6331170451797
1999,3,27.0301755355991
1999,4,27.6129394099868
1999,5,27.574881502708
1999,6,27.5317143260291
1999,7,27.508844070801
1999,8,27.3263242433969
1999,9,27.6030320150141
1999,10,27.9367842195398
1999,11,27.9546705837649
1999,12,28.3828566767527
2000,1,28.7940987482954
2000,2,28.9627270619293
2000,3,29.4777900206855
2000,4,29.9314827683687
2000,5,30.2748535948754
2000,6,30.4229756571084
2000,7,30.8153476452239
2000,8,31.058324261867
2000,9,31.260500480421
2000,10,31.6161915710763
2000,11,32.171647549331
2000,12,32.7347526281332
2001,1,33.6128050174312
2001,2,34.7641158788448
2001,3,35.3054721916867
2001,4,35.2214353904019
2001,5,35.1791732278715
2001,6,35.4604064976836
2001,7,35.4269879371178
2001,8,34.9348103939877
2001,9,34.830370453198
2001,10,34.9954021237804
2001,11,37.4943100996557
2001,12,38.6277809581888
2002,1,39.3058572015707
2002,2,40.0511676115442
2002,3,40.0820883268624
2002,4,40.4524917392303
2002,5,40.9133019495668
2002,6,41.5570308569117
2002,7,41.6770165787979
2002,8,42.5081204209468
2002,9,186.507207874795
2002,10,612.801167562097
2002,11,607.528408082993
2002,12,603.7308129442
2003,1,602.552033634433
2003,2,601.724663033262
2003,3,602.193722558177
2003,4,604.27373147062
2003,5,611.039933962577
2003,6,1735.96829090261
2003,7,1736.65972513412
2003,8,1734.1344261056
2003,9,1725.59836643023
2003,10,1713.20565754715
2003,11,1709.60102134818
2003,12,1708.28524179198
2004,1,1708.21054323882
2004,2,1706.70617268784
2004,3,1707.61768377666
2004,4,1705.97279641432
2004,5,1703.84311638537
2004,6,1701.17382726217
2004,7,1700.10427986071
2004,8,1697.04669838251
2004,9,1699.64820514351
2004,10,1699.45840599793
2004,11,1700.25699073948
2004,12,1704.01977080656
2005,1,1709.07409981479
2005,2,1709.82561520804
2005,3,1709.99846505618
2005,4,1708.55391882238
2005,5,1704.91145585333
2005,6,1704.80323344763
2005,7,1704.46003306723
2005,8,1700.97461947272
2005,9,1699.99402804171
2005,10,1700.99565751478
2005,11,1697.17791771549
2005,12,1694.06181323328
2006,1,1692.61400260214
2006,2,1672.36415618828
2006,3,1662.69659089865
2006,4,1655.42629530223
2006,5,1645.90138379794
2006,6,1637.17589588237
2006,7,1626.25997741761
2006,8,1598.68162129149
2006,9,1588.54691664608
2006,10,1585.42711792614
2006,11,1583.26591711395
2006,12,1580.58625461311
2007,1,1576.64724272246
2007,2,1571.26486083724
2007,3,1569.44663967575
2007,4,1563.72798694603
2007,5,1557.97558297159
2007,6,1549.22413700281
2007,7,1548.18914655028
2007,8,1544.37119780458
2007,9,1538.3068928739
2007,10,1127.56380185762
2007,11,719.234672980225
2007,12,729.423731047839
2008,1,732.263015061283
2008,2,732.865833067471
2008,3,734.198860578873
2008,4,735.993194249732
2008,5,737.255264575635
2008,6,737.427401811198
2008,7,738.103867230206
2008,8,738.400320974659
2008,9,737.490998245501
2008,10,736.945703157106
2008,11,733.729456662552
2008,12,729.042554135034
2009,1,724.896983998414
2009,2,722.048617935087
2009,3,717.828925542955
2009,4,711.8071351404
2009,5,698.294549079096
2009,6,667.827337245024
2009,7,661.22825367607
2009,8,650.879968914468
2009,9,643.827790903694
2009,10,630.56003161534
2009,11,617.032861654936
2009,12,609.504153493888
2010,1,602.285012775614
2010,2,598.35316139223
2010,3,597.842505509438
2010,4,595.654874421703
2010,5,591.323390029665
2010,6,589.986313757349
2010,7,586.841794401624
2010,8,586.013336132537
2010,9,586.814261939787
2010,10,437.300707236037
2010,11,215.991196135477
2010,12,220.774705253148
2011,1,222.184274744973
2011,2,222.480745866153
2011,3,221.030650863033
2011,4,220.085237324223
2011,5,221.040270526942
2011,6,222.089316798529
2011,7,222.343995736771
2011,8,223.096370537723
2011,9,223.156829130029
2011,10,224.239516025752
2011,11,226.54714254804
2011,12,227.026110641299
2012,1,227.696155876287
2012,2,228.297271615763
2012,3,228.995536385895
2012,4,231.211105908302
2012,5,232.391272469912
2012,6,232.793430254848
2012,7,234.014221797984
2012,8,234.410813157137
2012,9,234.521787077845
2012,10,234.590622143414
2012,11,235.361249284989
2012,12,235.888837278647
2013,1,236.326204837813
2013,2,237.19188882337
2013,3,238.732599339442
2013,4,238.894396011626
2013,5,238.951653120227
2013,6,239.503551353894
2013,7,239.12863791217
2013,8,238.221615125901
2013,9,236.221591785246
2013,10,233.713953597362
2013,11,232.126204679331
2013,12,233.185963460933
2014,1,238.471381712035
2014,2,240.881188955334
2014,3,241.728019918256
2014,4,242.377307127752
2014,5,242.590667813353
2014,6,243.021270276313
2014,7,243.313598423146
2014,8,243.388456106467
2014,9,243.366273564066
2014,10,243.690075033984
2014,11,244.022151424167
2014,12,243.968292834448
2015,1,243.890301090463
2015,2,244.106111643597
2015,3,244.538772342046
2015,4,244.582498597887
2015,5,244.403049616184
2015,6,243.851488812134
2015,7,243.476396527646
2015,8,243.114397600525
2015,9,243.058450257941
2015,10,242.814055092297
2015,11,242.327750077221
2015,12,242.179127469268
