Year,Month,Concentration
1986,1,0
1986,2,0
1986,3,0
1986,4,0
1986,5,0
1986,6,0
1986,7,0
1986,8,0
1986,9,0
1986,10,0
1986,11,0
1986,12,0
1987,1,0
1987,2,0
1987,3,0
1987,4,0
1987,5,0
1987,6,0
1987,7,0
1987,8,0
1987,9,0
1987,10,0
1987,11,0
1987,12,0
1988,1,0
1988,2,0
1988,3,0
1988,4,0
1988,5,0
1988,6,0
1988,7,0
1988,8,0
1988,9,0
1988,10,0
1988,11,0
1988,12,0
1989,1,0
1989,2,0
1989,3,0
1989,4,0
1989,5,0
1989,6,0
1989,7,0
1989,8,0
1989,9,0
1989,10,0
1989,11,0
1989,12,0
1990,1,0
1990,2,0
1990,3,0
1990,4,0
1990,5,0
1990,6,0
1990,7,0
1990,8,0
1990,9,0
1990,10,0
1990,11,0
1990,12,0
1991,1,0
1991,2,0
1991,3,0
1991,4,0
1991,5,0
1991,6,0
1991,7,0
1991,8,0
1991,9,0
1991,10,0
1991,11,0
1991,12,0
1992,1,0
1992,2,0
1992,3,0
1992,4,0
1992,5,0
1992,6,0
1992,7,0
1992,8,0
1992,9,0
1992,10,0
1992,11,0
1992,12,0
1993,1,0
1993,2,0
1993,3,0
1993,4,0
1993,5,0
1993,6,0
1993,7,0
1993,8,0
1993,9,0
1993,10,0
1993,11,0
1993,12,0
1994,1,0
1994,2,0
1994,3,0
1994,4,0
1994,5,0
1994,6,0
1994,7,0
1994,8,0
1994,9,0
1994,10,0
1994,11,0
1994,12,0
1995,1,0
1995,2,0
1995,3,0
1995,4,0
1995,5,0
1995,6,0
1995,7,0
1995,8,0
1995,9,0
1995,10,0
1995,11,0
1995,12,0
1996,1,0
1996,2,0
1996,3,0
1996,4,0
1996,5,0
1996,6,0
1996,7,0
1996,8,0
1996,9,0
1996,10,0
1996,11,0
1996,12,0
1997,1,0
1997,2,0
1997,3,0
1997,4,0
1997,5,0
1997,6,0
1997,7,0
1997,8,0
1997,9,0
1997,10,0
1997,11,0
1997,12,0
1998,1,0
1998,2,0
1998,3,0
1998,4,0
1998,5,0
1998,6,0
1998,7,0
1998,8,136.873080713889
1998,9,182.644325946067
1998,10,183.051507600463
1998,11,183.091768834865
1998,12,183.135533549886
1999,1,183.109825999621
1999,2,183.177641750612
1999,3,183.357432961877
1999,4,183.213462201764
1999,5,183.11347248283
1999,6,182.522512013057
1999,7,182.091114432688
1999,8,181.915319554317
1999,9,180.635476306493
1999,10,180.061029045509
1999,11,179.475558019709
1999,12,179.529489701127
2000,1,179.4569297022
2000,2,179.306806153443
2000,3,179.306806153443
2000,4,179.760760761408
2000,5,180.490960290983
2000,6,181.004106954056
2000,7,180.853320185422
2000,8,180.849000214153
2000,9,180.716996617383
2000,10,180.646249152025
2000,11,180.605648277988
2000,12,180.918178955704
2001,1,180.955506374584
2001,2,181.094849258363
2001,3,181.471478430747
2001,4,181.806585974084
2001,5,182.074683709026
2001,6,182.154627091501
2001,7,182.262671413247
2001,8,182.444079547727
2001,9,182.459856857441
2001,10,182.481536358133
2001,11,182.407836563203
2001,12,182.536488216501
2002,1,182.573339481704
2002,2,182.585456086257
2002,3,182.602360356062
2002,4,182.65463333929
2002,5,182.671941969183
2002,6,182.523390827114
2002,7,182.440701079574
2002,8,182.399209172584
2002,9,182.463962949856
2002,10,181.643655918513
2002,11,178.339203775752
2002,12,176.739507378556
2003,1,176.626959212197
2003,2,1588.85084213433
2003,3,1567.97886255107
2003,4,1559.92793256142
2003,5,1002.83660575623
2003,6,178.536892811437
2003,7,179.303011613184
2003,8,182.239175639969
2003,9,184.027809612003
2003,10,189.402889113446
2003,11,192.365499089782
2003,12,194.003833315721
2004,1,194.814348468819
2004,2,195.703996212298
2004,3,196.020934669112
2004,4,196.024468669236
2004,5,195.972433556721
2004,6,196.306448960748
2004,7,197.14806179548
2004,8,197.736867433315
2004,9,199.518437184707
2004,10,200.499132293453
2004,11,201.912080357772
2004,12,203.318637265682
2005,1,203.595887546475
2005,2,203.726508757577
2005,3,204.004268793005
2005,4,204.202240712569
2005,5,204.456917671539
2005,6,204.50910458767
2005,7,204.623391730462
2005,8,204.999489105568
2005,9,204.960413075944
2005,10,204.968567218953
2005,11,205.090356092583
2005,12,205.168934324073
2006,1,205.174518547364
2006,2,205.111025903023
2006,3,205.166079372044
2006,4,205.412960821536
2006,5,205.313328590123
2006,6,205.165107336572
2006,7,205.157292420539
2006,8,205.240402677559
2006,9,205.343574663742
2006,10,205.659654927856
2006,11,206.318013248683
2006,12,206.6174788659
2007,1,207.359203417359
2007,2,207.844978090516
2007,3,207.707216018327
2007,4,207.994716064308
2007,5,208.029650873571
2007,6,208.135465845589
2007,7,208.728518034924
2007,8,208.705139018107
2007,9,208.135154314001
2007,10,208.950049940303
2007,11,209.273938716995
2007,12,209.748879586888
2008,1,211.007245221967
2008,2,211.295335237057
2008,3,211.892715551585
2008,4,213.38321919257
2008,5,214.015988456222
2008,6,214.858950294692
2008,7,215.599636122718
2008,8,215.959130992125
2008,9,216.007155190201
2008,10,216.491289718013
2008,11,217.689042340425
2008,12,217.955344195224
2009,1,218.076207546238
2009,2,218.36824376513
2009,3,218.794614194546
2009,4,219.578570694563
2009,5,219.887222225373
2009,6,219.7073983073
2009,7,219.294377938694
2009,8,218.872621668997
2009,9,218.437807102691
2009,10,217.7070378709
2009,11,216.375294048521
2009,12,213.885298760977
2010,1,213.591457652527
2010,2,213.388922442649
2010,3,213.501506448151
2010,4,213.179805729154
2010,5,212.763799642201
2010,6,212.585890305944
2010,7,212.219321400709
2010,8,212.03380264241
2010,9,211.598243664681
2010,10,208.825272144336
2010,11,206.242283538582
2010,12,204.821832043563
2011,1,202.203910122606
2011,2,201.040998566561
2011,3,199.676186966029
2011,4,197.856217665061
2011,5,196.40018145707
2011,6,194.417065022359
2011,7,190.775677881169
2011,8,189.162797950902
2011,9,186.941098198989
2011,10,183.028493793198
2011,11,178.351654138712
2011,12,156.106051117318
2012,1,154.057139998339
2012,2,151.204438704426
2012,3,148.879731926089
2012,4,147.84128414242
2012,5,145.833304781883
2012,6,138.962820685586
2012,7,138.257983591312
2012,8,136.473810166032
2012,9,135.079351465219
2012,10,134.99078659453
2012,11,134.599059969801
2012,12,134.331597287213
2013,1,134.448183230327
2013,2,134.532682057448
2013,3,134.440779075328
2013,4,134.367044962255
2013,5,61.3606688589026
2013,6,61.7106307087755
2013,7,61.7543743052549
2013,8,61.7292278646885
2013,9,61.3720512352097
2013,10,60.9580464561419
2013,11,60.938873075578
2013,12,60.9367734282601
2014,1,61.2680187154459
2014,2,61.503465765138
2014,3,61.4383325115024
2014,4,61.4509344158287
2014,5,61.5202573589639
2014,6,61.5156174196802
2014,7,61.3121176116961
2014,8,61.4722091514881
2014,9,61.8603412019673
2014,10,62.6095600286913
2014,11,62.9398765087589
2014,12,63.163237665363
2015,1,63.2678343587804
2015,2,63.2873419493015
2015,3,63.3189608282266
2015,4,63.3607351962997
2015,5,63.3961992877283
2015,6,63.357763963008
2015,7,63.3880820275557
2015,8,63.4117712427193
2015,9,63.3299691625843
2015,10,63.2501964452062
2015,11,63.153099993563
2015,12,63.1371847299851
2016,1,63.1448230499228
2016,2,63.040281907311
2016,3,62.9345143778879
2016,4,62.859891954791
2016,5,62.7567829764087
2016,6,62.6970817709884
2016,7,62.5277117863353
2016,8,62.0700438921534
2016,9,61.4788852341161
2016,10,61.1011315757536
2016,11,60.5306236681975
2016,12,60.1889881504147
2017,1,59.9966907559422
2017,2,59.7876425021468
2017,3,59.4903297348119
2017,4,58.7139322309821
2017,5,58.5406412980721
2017,6,58.4062464474576
2017,7,57.9672045414195
2017,8,57.4325929858958
2017,9,57.0656806588105
2017,10,56.9316016675402
2017,11,56.8889820700352
2017,12,56.8411503203796
2018,1,56.8058063833222
2018,2,56.6753109551982
2018,3,56.198413195933
2018,4,54.3211048940793
2018,5,53.8370389040496
2018,6,52.705374095098
2018,7,51.9536165813098
2018,8,51.6258593799651
2018,9,50.3442881565471
2018,10,49.7981120613971
2018,11,49.0144866716136
2018,12,48.0957202982221
2019,1,47.5157076356623
2019,2,47.2933843788723
2019,3,46.8869369422697
2019,4,46.8065303115278
2019,5,46.0018747362452
2019,6,45.2359813082332
2019,7,45.0855408668251
2019,8,45.0221835130975
2019,9,45.0372485311134
2019,10,45.0291819714428
2019,11,45.0301486768994
2019,12,45.0301486768994
