Year,Month,Concentration
1986,1,164.247613638104
1986,2,164.247613638104
1986,3,164.247613638104
1986,4,164.247613638104
1986,5,164.247613638104
1986,6,164.247613638104
1986,7,164.247613638104
1986,8,164.247613638104
1986,9,164.247613638104
1986,10,164.247613638104
1986,11,164.247613638104
1986,12,164.247613638104
1987,1,164.247613638104
1987,2,164.247613638104
1987,3,164.247613638104
1987,4,164.247613638104
1987,5,164.247613638104
1987,6,164.247613638104
1987,7,164.247613638104
1987,8,164.247613638104
1987,9,164.247613638104
1987,10,164.264766287001
1987,11,164.276201386266
1987,12,164.276201386266
1988,1,164.244797575509
1988,2,164.191304469776
1988,3,164.191304469776
1988,4,164.28457568537
1988,5,164.374085168676
1988,6,164.401413841586
1988,7,164.401413841586
1988,8,164.742093353149
1988,9,164.894951402842
1988,10,164.904845287296
1988,11,164.91473917175
1988,12,164.729383493141
1989,1,164.712471489702
1989,2,164.712471489702
1989,3,164.75265132385
1989,4,164.432794625436
1989,5,164.432794625436
1989,6,164.486749526076
1989,7,164.502972767989
1989,8,164.537874401928
1989,9,164.699700243513
1989,10,164.660959857575
1989,11,164.648046395595
1989,12,164.637222322075
1990,1,164.901736402683
1990,2,165.371734816224
1990,3,165.371734816224
1990,4,165.503633086461
1990,5,165.775806809187
1990,6,165.775806809187
1990,7,165.798544191432
1990,8,166.097785992238
1990,9,166.097785992238
1990,10,166.281352092749
1990,11,166.832050394281
1990,12,166.842564155549
1991,1,167.095948721479
1991,2,167.266825147929
1991,3,167.249836196036
1991,4,167.211925559327
1991,5,166.084240472092
1991,6,166.071019946549
1991,7,166.032089474153
1991,8,166.111603421807
1991,9,166.14121452682
1991,10,166.134626709324
1991,11,166.354926195426
1991,12,166.650807973995
1992,1,166.650807973995
1992,2,167.274347652488
1992,3,167.261564805451
1992,4,167.261564805451
1992,5,167.131490739061
1992,6,167.113358002303
1992,7,167.213990411671
1992,8,167.297187463171
1992,9,167.100100466983
1992,10,167.100100466983
1992,11,166.839435646991
1992,12,166.75254737366
1993,1,166.75254737366
1993,2,166.600527010097
1993,3,166.549853555577
1993,4,166.549853555577
1993,5,166.549853555577
1993,6,165.84568494561
1993,7,165.84568494561
1993,8,165.84568494561
1993,9,165.84568494561
1993,10,165.84568494561
1993,11,165.84568494561
1993,12,165.817427155403
1994,1,165.704395994576
1994,2,165.704395994576
1994,3,165.496596337299
1994,4,165.360858556676
1994,5,165.360858556676
1994,6,164.355303680917
1994,7,163.790950046778
1994,8,163.649861638244
1994,9,162.087348467458
1994,10,158.707124738482
1994,11,158.707124738482
1994,12,156.20688356191
1995,1,154.520643560148
1995,2,154.520643560148
1995,3,154.520643560148
1995,4,154.355027044623
1995,5,154.355027044623
1995,6,154.267365821278
1995,7,153.907391912615
1995,8,153.907391912615
1995,9,153.907391912615
1995,10,153.204259280251
1995,11,152.214445594158
1995,12,152.112079693763
1996,1,145.822806237736
1996,2,139.777814285607
1996,3,139.546002026316
1996,4,139.546002026316
1996,5,139.546002026316
1996,6,139.546002026316
1996,7,139.649607648522
1996,8,139.793942765743
1996,9,139.81279954595
1996,10,119.194595234234
1996,11,57.50883110179
1996,12,57.6281178252209
1997,1,57.894543720732
1997,2,58.2807729790189
1997,3,58.2807729790189
1997,4,58.3615493796815
1997,5,58.388474846569
1997,6,58.4522869008399
1997,7,58.4723071697333
1997,8,59.9045392758918
1997,9,61.5443279550121
1997,10,61.8694771609312
1997,11,62.0407656395588
1997,12,62.0847615430139
1998,1,61.3621448712148
1998,2,61.1889429926273
1998,3,61.2819505214597
1998,4,61.5336938700742
1998,5,61.6397012466372
1998,6,61.5106580112308
1998,7,61.5949450726391
1998,8,61.6375619557922
1998,9,61.828811966367
1998,10,62.2332607922848
1998,11,62.4033903095238
1998,12,62.5995865290883
1999,1,62.7516820077421
1999,2,63.3069258707662
1999,3,63.9094031918107
1999,4,64.0115567785299
1999,5,64.1418598553408
1999,6,64.1527519820773
1999,7,64.0567731522142
1999,8,64.087362812126
1999,9,63.7012062770259
1999,10,64.0224655742638
1999,11,64.0672396491993
1999,12,64.176639720976
2000,1,64.213652590094
2000,2,64.2346426970523
2000,3,64.1510017997787
2000,4,64.1197240724806
2000,5,63.8058562380499
2000,6,63.6307704772278
2000,7,63.3629572905632
2000,8,63.4870677480074
2000,9,63.8265079822499
2000,10,63.717305566556
2000,11,63.7121286320485
2000,12,63.7930088999136
2001,1,63.042753597696
2001,2,62.6164743453461
2001,3,62.3059629911598
2001,4,62.1315074368318
2001,5,61.9699514048381
2001,6,61.5887452394588
2001,7,60.8669369499348
2001,8,59.8209994924309
2001,9,59.8067821337208
2001,10,59.7083361231698
2001,11,59.2176499820929
2001,12,58.2763661880082
2002,1,57.245458311328
2002,2,56.9849867756068
2002,3,56.8363548860162
2002,4,56.551321761055
2002,5,56.2260090112231
2002,6,55.3103307973426
2002,7,54.6974707686157
2002,8,53.8837365847496
2002,9,53.3428611451083
2002,10,53.0540120801712
2002,11,51.7791712080918
2002,12,50.4743456531756
2003,1,50.3311102729453
2003,2,49.9851465955981
2003,3,49.3108777567868
2003,4,49.1078316473714
2003,5,48.8068442591949
2003,6,48.7072702313555
2003,7,48.6391169897455
2003,8,48.5734689456078
2003,9,48.599859387467
2003,10,48.5288706677585
2003,11,48.4284552382379
2003,12,48.3640862405489
2004,1,48.1610057028259
2004,2,47.9619059170868
2004,3,47.8147049515115
2004,4,47.7177757091105
2004,5,47.5530374084114
2004,6,47.2790413447273
2004,7,47.1560855186473
2004,8,47.1270521514024
2004,9,47.1893385589258
2004,10,47.1411055606893
2004,11,47.0355085653938
2004,12,46.8966336693987
2005,1,46.7748287919072
2005,2,46.7124827050761
2005,3,46.6438609315987
2005,4,46.60782084289
2005,5,46.6287452225408
2005,6,46.4366542295314
2005,7,46.2702577154582
2005,8,46.2014152099702
2005,9,46.2614715788555
2005,10,46.2803819474939
2005,11,46.3223222501428
2005,12,46.0691790290569
2006,1,45.8950339108549
2006,2,45.7839218502921
2006,3,45.4451555215011
2006,4,45.0436746463711
2006,5,44.3231296460607
2006,6,42.8991584946406
2006,7,39.9959368870641
2006,8,37.3354837191622
2006,9,35.2885625509248
2006,10,32.9180845430639
2006,11,29.5647666635445
2006,12,26.0589462572251
2007,1,24.9173621196506
2007,2,24.5154701669953
2007,3,24.1546966875024
2007,4,23.8543094649355
2007,5,23.09685713248
2007,6,22.0481033966894
2007,7,21.461094036672
2007,8,20.7011318357974
2007,9,20.4546475489547
2007,10,20.2212317378941
2007,11,19.4322920793364
2007,12,19.3649045634059
2008,1,19.3183888847401
2008,2,19.1539250778356
2008,3,19.1040137404427
2008,4,19.049985296428
2008,5,18.9322075758095
2008,6,18.8791661397211
2008,7,18.7678023692197
2008,8,18.2838745260215
2008,9,17.9108752460346
2008,10,17.7697092263427
2008,11,17.6812906843058
2008,12,17.6645304459867
2009,1,17.6045705617251
2009,2,17.4593277589517
2009,3,17.3963277765104
2009,4,17.3788061707225
2009,5,17.2486702368259
2009,6,17.2665929222269
2009,7,17.2364453346442
2009,8,16.9916853642117
2009,9,16.6943139900741
2009,10,16.2229604868362
2009,11,16.1716985260094
2009,12,16.1605544507064
2010,1,16.1689373223588
2010,2,16.2012906761909
2010,3,16.1916365506506
2010,4,16.1832953404048
2010,5,16.2053076202231
2010,6,16.1685925801507
2010,7,15.9745209074528
2010,8,15.6560795976871
2010,9,15.6583496786381
2010,10,15.6681696593907
2010,11,15.6635443658814
2010,12,15.6181267607306
2011,1,15.5649678568593
2011,2,15.4662967845142
2011,3,15.3535244976777
2011,4,15.2612845987742
2011,5,15.1665541211499
2011,6,15.1424535083665
2011,7,15.0907355939432
2011,8,15.0533961646689
2011,9,14.9738573915081
2011,10,14.9117963682449
2011,11,14.8992317191488
2011,12,14.9080656017483
2012,1,14.9105421901008
2012,2,14.8986241710726
2012,3,14.861498543163
2012,4,14.8577516166919
2012,5,14.8059209221564
2012,6,14.8368253723342
2012,7,14.9790849874664
2012,8,15.0387168884111
2012,9,15.0658537665024
2012,10,15.0287435539811
2012,11,15.0532742483544
2012,12,15.1701600592173
2013,1,15.219742783381
2013,2,15.2632636381545
2013,3,15.269115583063
2013,4,15.3003784950814
2013,5,15.3193335851447
2013,6,15.355460703886
2013,7,15.4365785356071
2013,8,15.4420079516881
2013,9,15.4495275774261
2013,10,15.4688780555662
2013,11,15.5300922450347
2013,12,15.5796293030371
2014,1,15.6592189334402
2014,2,15.7105296717078
2014,3,15.7124520207503
2014,4,15.7298003582597
2014,5,15.7420095396965
2014,6,15.771805553214
2014,7,15.7864782336491
2014,8,15.799351493135
2014,9,15.8489834734757
2014,10,15.8706087261097
2014,11,15.8943865252787
2014,12,15.9417400646134
2015,1,16.0456977724495
2015,2,16.1114799925747
2015,3,16.1162575687381
2015,4,16.1319199316448
2015,5,16.1736575628723
2015,6,16.1758740675894
2015,7,16.179289052597
2015,8,16.1864658249927
2015,9,16.2110342386539
2015,10,16.2501791717858
2015,11,16.2718083256296
2015,12,16.3113940045455
2016,1,16.4962323686469
2016,2,16.6304742199293
2016,3,16.7715226623322
2016,4,16.9289615042645
2016,5,17.0298605017676
2016,6,17.2790935687142
2016,7,17.3646473528447
2016,8,17.4694498753402
2016,9,17.5343288390697
2016,10,17.6111406017772
2016,11,17.5642119767653
2016,12,17.5603176469712
2017,1,17.5950356450885
2017,2,17.5906556783896
2017,3,17.5925082146094
2017,4,17.5791003828239
2017,5,17.5134280170353
2017,6,17.5047228718067
2017,7,17.483623519974
2017,8,17.4728184462238
2017,9,17.4719457814722
2017,10,17.4718995576914
2017,11,17.4697602947537
2017,12,17.4697602947537
