Year,Month,Concentration
1986,1,36.3479896940563
1986,2,36.3479896940563
1986,3,36.3479896940563
1986,4,36.3479896940563
1986,5,36.3479896940563
1986,6,36.3479896940563
1986,7,36.3479896940563
1986,8,36.3603442379253
1986,9,36.3788760537289
1986,10,36.3788760537289
1986,11,36.3776217311444
1986,12,36.3763674085599
1987,1,36.3763674085599
1987,2,36.3401532345283
1987,3,36.2993647407705
1987,4,36.2512812494847
1987,5,36.1414556425234
1987,6,36.1414556425234
1987,7,36.1225218910442
1987,8,36.0467868851271
1987,9,35.9918922984511
1987,10,35.9927804892012
1987,11,35.9941127753264
1987,12,35.8674400248866
1988,1,35.6163479310574
1988,2,35.4517712312423
1988,3,35.4432157477142
1988,4,35.4308540481683
1988,5,35.3547243778589
1988,6,35.2699509501849
1988,7,35.2364072460555
1988,8,35.1730029228276
1988,9,35.1067309466779
1988,10,35.1024294672953
1988,11,35.1024294672953
1988,12,35.0335990429219
1989,1,35.0185513966333
1989,2,35.045521481959
1989,3,35.0497383234327
1989,4,34.9647158719475
1989,5,34.9647158719475
1989,6,34.9628985717295
1989,7,34.5786947706239
1989,8,34.2309825431387
1989,9,34.2309825431387
1989,10,34.0446903675599
1989,11,33.4528175811161
1989,12,33.4528175811161
1990,1,33.4568569570112
1990,2,33.5206541324773
1990,3,33.5206541324773
1990,4,33.4762503882561
1990,5,33.4070729208147
1990,6,33.4070729208147
1990,7,33.3634607655756
1990,8,33.183749369857
1990,9,33.1885392844985
1990,10,32.663565262963
1990,11,30.987043976798
1990,12,30.9846887777855
1991,1,30.4674799822708
1991,2,29.3103530344019
1991,3,29.266800891085
1991,4,29.266800891085
1991,5,28.6210096050665
1991,6,28.4482397071229
1991,7,28.3662154739696
1991,8,27.0590895626654
1991,9,26.6312285716879
1991,10,26.5336296719153
1991,11,25.9970665831484
1991,12,25.8516900396351
1992,1,25.6786374731459
1992,2,24.7844619048013
1992,3,24.748446822748
1992,4,24.6714850233466
1992,5,24.4498736738866
1992,6,24.433585552017
1992,7,24.4357731082644
1992,8,24.4041302511576
1992,9,24.352198126186
1992,10,24.320768245371
1992,11,24.2683965080057
1992,12,24.159121213065
1993,1,24.1600528460155
1993,2,24.2271559002216
1993,3,24.2507377364809
1993,4,24.2507377364809
1993,5,24.2914856348791
1993,6,24.4149150102643
1993,7,24.4149150102643
1993,8,24.4051361839448
1993,9,24.3711000594174
1993,10,24.3711000594174
1993,11,24.3711000594174
1993,12,24.3711000594174
1994,1,24.3673274059381
1994,2,24.3723885684736
1994,3,24.3778572175447
1994,4,24.3805968406631
1994,5,24.3805968406631
1994,6,24.3805968406631
1994,7,24.3901819172988
1994,8,24.3896452429422
1994,9,24.4331963713156
1994,10,24.617466064804
1994,11,24.617466064804
1994,12,24.704938523618
1995,1,24.8153168846851
1995,2,24.790651179594
1995,3,24.952165723183
1995,4,25.2696743276619
1995,5,25.3641008507361
1995,6,25.382700925885
1995,7,25.6298988212397
1995,8,25.7251354390762
1995,9,25.7821121742019
1995,10,25.8738420152788
1995,11,25.8738420152788
1995,12,26.1459292106426
1996,1,26.3218844786864
1996,2,26.3590519338887
1996,3,26.4705570467107
1996,4,26.4848079133083
1996,5,26.500492030772
1996,6,26.554906292709
1996,7,26.6056905153236
1996,8,26.6108506624321
1996,9,26.6605586914672
1996,10,26.681916294841
1996,11,26.7851257030746
1996,12,26.8228547945716
1997,1,26.9024891644227
1997,2,26.9028315976544
1997,3,26.8425547533941
1997,4,26.8597726129972
1997,5,26.8910096050932
1997,6,27.1684955508864
1997,7,27.2703423575298
1997,8,27.564477864135
1997,9,27.7273957266213
1997,10,27.8335709048607
1997,11,27.8310575132103
1997,12,27.9380186111688
1998,1,28.0044126574023
1998,2,27.9368650332032
1998,3,27.9158891231447
1998,4,28.1098353784249
1998,5,28.1642880153603
1998,6,28.1559908786037
1998,7,28.1774576824757
1998,8,28.2471437090458
1998,9,28.2743513962898
1998,10,28.3409620025058
1998,11,28.5606038133792
1998,12,29.0835607728951
1999,1,29.3235746418495
1999,2,29.704851055712
1999,3,30.6723557316486
1999,4,31.1190844512121
1999,5,31.2448718804366
1999,6,31.2407875883515
1999,7,31.3911074930285
1999,8,31.6369430190216
1999,9,31.9344499859047
1999,10,32.1741404540636
1999,11,32.5913986461763
1999,12,33.2615542273711
2000,1,33.6914042470507
2000,2,33.8072219735293
2000,3,34.3328077887302
2000,4,34.5842476823794
2000,5,34.6706049561539
2000,6,34.7380130743114
2000,7,34.7353198130975
2000,8,34.7295412469246
2000,9,34.9136253595105
2000,10,35.1108696957836
2000,11,35.3926952835536
2000,12,35.9000107683208
2001,1,36.8757790682227
2001,2,37.6942068956525
2001,3,37.6308675740283
2001,4,36.9411216722785
2001,5,36.7840903706757
2001,6,36.8010299470195
2001,7,36.8052153593287
2001,8,36.4705659934791
2001,9,36.4920454898734
2001,10,36.6373228894393
2001,11,38.8315739644013
2001,12,39.8481243727718
2002,1,40.2201774799114
2002,2,40.7871783661649
2002,3,40.7575807068682
2002,4,40.9523169715186
2002,5,41.0485546172633
2002,6,40.9285643938007
2002,7,40.8294412865847
2002,8,40.6881335186304
2002,9,40.2678262979239
2002,10,39.8597489621774
2002,11,39.0576601332149
2002,12,38.620755193755
2003,1,37.7242545641699
2003,2,37.1461417289996
2003,3,36.4454947352698
2003,4,36.2108814983548
2003,5,36.2771885823697
2003,6,28.3592740906824
2003,7,4.17517530156151
2003,8,4.11218896420514
2003,9,4.0453530112167
2003,10,4.01295402794943
2003,11,3.91942716443591
2003,12,3.91026949874969
2004,1,3.88779736889061
2004,2,3.88774895806579
2004,3,3.88550665880983
2004,4,3.87557013378728
2004,5,3.83515432208525
2004,6,3.78982905168197
2004,7,3.75083816083907
2004,8,3.71561987502251
2004,9,3.70464323872867
2004,10,3.65247080630333
2004,11,3.57889648946036
2004,12,3.55456224230799
2005,1,3.45693226385205
2005,2,3.26191176867559
2005,3,3.25255706670782
2005,4,3.16565955639609
2005,5,3.05320048288646
2005,6,3.04110685555194
2005,7,3.01555920267353
2005,8,2.99859111674116
2005,9,2.98788925410157
2005,10,2.98986096467941
2005,11,2.99569863907698
2005,12,2.99593682858673
2006,1,3.00911431147765
2006,2,3.01749818505993
2006,3,3.02661390360272
2006,4,3.04290352407349
2006,5,3.06265729354668
2006,6,3.06812063739453
2006,7,3.12124954956897
2006,8,3.14146740622028
2006,9,3.1830229325694
2006,10,3.178125157593
2006,11,3.16388088344454
2006,12,3.16770521185288
2007,1,3.16709326920522
2007,2,3.16359101365201
2007,3,3.16478896020581
2007,4,3.13731052019374
2007,5,3.11519336443538
2007,6,3.11648793408448
2007,7,3.12773500977878
2007,8,3.13552060854973
2007,9,3.13529964604328
2007,10,3.13830938571689
2007,11,3.13920630060598
2007,12,3.13414283382006
2008,1,3.12831884077201
2008,2,3.1284331470917
2008,3,3.1177845204501
2008,4,3.11364151500776
2008,5,3.11466780788725
2008,6,3.11440878939258
2008,7,3.11240962361499
2008,8,0
2008,9,0
2008,10,0
2008,11,0
2008,12,0
2009,1,0
2009,2,0
2009,3,0
2009,4,0
2009,5,0
2009,6,0
2009,7,0
2009,8,0
2009,9,0
2009,10,0
2009,11,0
2009,12,0
2010,1,0
2010,2,0
2010,3,0
2010,4,0
2010,5,0
2010,6,0
2010,7,0
2010,8,0
2010,9,0
2010,10,0
2010,11,0
2010,12,0
2011,1,0
2011,2,0
2011,3,0
2011,4,0
2011,5,0
2011,6,0
2011,7,0
2011,8,0
2011,9,0
2011,10,0
2011,11,0
2011,12,0
2012,1,0
2012,2,0
2012,3,0
2012,4,0
2012,5,0
2012,6,0
2012,7,0
2012,8,0
2012,9,0
2012,10,0
2012,11,0
2012,12,0
2013,1,0
2013,2,0
2013,3,0
2013,4,0
2013,5,0
2013,6,0
2013,7,0
2013,8,0
2013,9,0
2013,10,0
2013,11,0
2013,12,0
2014,1,0
2014,2,0
2014,3,0
2014,4,0
2014,5,0
2014,6,0
2014,7,0
2014,8,0
2014,9,0
2014,10,0
2014,11,0
2014,12,0
2015,1,0
2015,2,0
2015,3,0
2015,4,0
2015,5,0
2015,6,0
2015,7,0
2015,8,0
2015,9,0
2015,10,0
2015,11,0
2015,12,0
2016,1,0
2016,2,0
2016,3,0
2016,4,0
2016,5,0
2016,6,0
2016,7,0
2016,8,114.750712208382
2016,9,455.629026829032
2016,10,455.192271942428
2016,11,454.241742906129
2016,12,453.418047028233
2017,1,451.520654486497
2017,2,449.312700435741
2017,3,447.428390993853
2017,4,446.555022857863
2017,5,445.370123499094
2017,6,445.465538338029
2017,7,443.506059630744
2017,8,440.244939363735
2017,9,439.031109627438
2017,10,436.222888438479
2017,11,434.54792733135
2017,12,433.623128749342
2018,1,432.434636866765
2018,2,432.339322070015
2018,3,432.553649476127
2018,4,432.610941878475
2018,5,432.581550491311
2018,6,432.587762550266
2018,7,432.044846665441
2018,8,432.111841698823
2018,9,431.68391363807
2018,10,431.475775746246
2018,11,430.683446354153
2018,12,429.92762798636
2019,1,429.123051514833
2019,2,428.533386397341
2019,3,428.285270612269
2019,4,427.765398568905
2019,5,427.731608369807
2019,6,427.514395446149
2019,7,427.315041397046
2019,8,427.224142981932
2019,9,427.536891952841
2019,10,427.54375237908
2019,11,427.737576906908
2019,12,427.737576906908
