Year,Month,Concentration
1986,1,0
1986,2,0
1986,3,0
1986,4,0
1986,5,0
1986,6,0
1986,7,0
1986,8,0
1986,9,0
1986,10,0
1986,11,0
1986,12,0
1987,1,0
1987,2,0
1987,3,0
1987,4,0
1987,5,0
1987,6,0
1987,7,0
1987,8,0
1987,9,0
1987,10,0
1987,11,0
1987,12,0
1988,1,0
1988,2,0
1988,3,0
1988,4,0
1988,5,0
1988,6,0
1988,7,0
1988,8,0
1988,9,0
1988,10,0
1988,11,0
1988,12,0
1989,1,0
1989,2,0
1989,3,0
1989,4,0
1989,5,0
1989,6,0
1989,7,0
1989,8,0
1989,9,0
1989,10,0
1989,11,0
1989,12,0
1990,1,0
1990,2,0
1990,3,0
1990,4,0
1990,5,0
1990,6,0
1990,7,0
1990,8,0
1990,9,0
1990,10,0
1990,11,0
1990,12,0
1991,1,0
1991,2,0
1991,3,0
1991,4,0
1991,5,0
1991,6,0
1991,7,0
1991,8,0
1991,9,0
1991,10,0
1991,11,0
1991,12,0
1992,1,0
1992,2,0
1992,3,0
1992,4,0
1992,5,0
1992,6,0
1992,7,0
1992,8,0
1992,9,0
1992,10,0
1992,11,0
1992,12,0
1993,1,0
1993,2,0
1993,3,0
1993,4,0
1993,5,0
1993,6,0
1993,7,0
1993,8,0
1993,9,0
1993,10,0
1993,11,0
1993,12,0
1994,1,0
1994,2,0
1994,3,0
1994,4,0
1994,5,0
1994,6,0
1994,7,0
1994,8,0
1994,9,0
1994,10,0
1994,11,0
1994,12,0
1995,1,0
1995,2,0
1995,3,0
1995,4,0
1995,5,0
1995,6,0
1995,7,0
1995,8,0
1995,9,0
1995,10,0
1995,11,0
1995,12,0
1996,1,0
1996,2,0
1996,3,0
1996,4,0
1996,5,0
1996,6,0
1996,7,0
1996,8,0
1996,9,0
1996,10,0
1996,11,0
1996,12,0
1997,1,0
1997,2,0
1997,3,0
1997,4,0
1997,5,0
1997,6,0
1997,7,0
1997,8,0
1997,9,0
1997,10,0
1997,11,0
1997,12,0
1998,1,0
1998,2,0
1998,3,0
1998,4,0
1998,5,0
1998,6,0
1998,7,0
1998,8,0
1998,9,0
1998,10,0
1998,11,0
1998,12,0
1999,1,0
1999,2,0
1999,3,0
1999,4,0
1999,5,0
1999,6,0
1999,7,0
1999,8,0
1999,9,0
1999,10,0
1999,11,0
1999,12,0
2000,1,0
2000,2,0
2000,3,0
2000,4,0
2000,5,0
2000,6,0
2000,7,0
2000,8,0
2000,9,0
2000,10,0
2000,11,0
2000,12,0
2001,1,0
2001,2,0
2001,3,0
2001,4,0
2001,5,0
2001,6,0
2001,7,0
2001,8,0
2001,9,0
2001,10,0
2001,11,0
2001,12,0
2002,1,0
2002,2,0
2002,3,0
2002,4,0
2002,5,0
2002,6,0
2002,7,0
2002,8,0
2002,9,0
2002,10,0
2002,11,0
2002,12,0
2003,1,0
2003,2,0
2003,3,0
2003,4,0
2003,5,0
2003,6,0
2003,7,2.04591707115192
2003,8,2.73251826007446
2003,9,2.7348053021854
2003,10,2.73359807084991
2003,11,2.73675397670595
2003,12,2.74249928078769
2004,1,2.74845996923241
2004,2,2.75409958730388
2004,3,2.75960156731157
2004,4,2.75116299291332
2004,5,2.73699848434698
2004,6,2.73850675941432
2004,7,2.74324264229816
2004,8,2.74627792394063
2004,9,2.74928971133784
2004,10,2.75078512614717
2004,11,2.75052476270701
2004,12,2.74937933943543
2005,1,2.75174613409548
2005,2,2.75481703553291
2005,3,2.76314182782487
2005,4,2.77434887728056
2005,5,2.78190524788577
2005,6,2.79570500634363
2005,7,2.80219572331279
2005,8,2.80739443583732
2005,9,2.80886479537162
2005,10,2.81055426417582
2005,11,2.81629559400902
2005,12,2.81991370971103
2006,1,2.82049825955946
2006,2,2.82656438286781
2006,3,2.82839039739382
2006,4,2.83146765656814
2006,5,2.84485638459786
2006,6,2.86100890468317
2006,7,2.87402640227411
2006,8,2.88000052971858
2006,9,2.88101373871955
2006,10,2.88736069093593
2006,11,2.90124714835156
2006,12,2.90003664199973
2007,1,2.90077999872192
2007,2,2.90207211640676
2007,3,2.89526756886108
2007,4,2.88955852164226
2007,5,2.88585988909758
2007,6,2.87931248949833
2007,7,2.88614691811726
2007,8,2.89622808114166
2007,9,2.90702709432507
2007,10,2.91498562676641
2007,11,2.92107212367273
2007,12,2.888766529988
2008,1,2.85337461781112
2008,2,2.83007019253966
2008,3,2.82546412127543
2008,4,2.80797381719521
2008,5,2.79918308337405
2008,6,2.78396583318801
2008,7,2.77867752432817
2008,8,2.76687072617494
2008,9,2.76075681944808
2008,10,2.75936728474936
2008,11,2.75898255287246
2008,12,2.75895066614121
2009,1,2.75984883325498
2009,2,2.7666674647148
2009,3,2.77115540729827
2009,4,2.7718949421346
2009,5,2.77203583678476
2009,6,2.77115255896954
2009,7,2.7725486376046
2009,8,2.7711739672569
2009,9,2.77279446915582
2009,10,2.76772358039475
2009,11,2.76313349821897
2009,12,2.75881897413339
2010,1,2.75386217210515
2010,2,2.75257688364312
2010,3,2.75203535665302
2010,4,2.75061365195951
2010,5,2.74475133928865
2010,6,2.74106548436398
2010,7,2.73414208127498
2010,8,2.73195211035824
2010,9,2.73107587197978
2010,10,2.72678088328254
2010,11,2.72402150943686
2010,12,2.72187263943546
2011,1,2.71843051882698
2011,2,2.71668207981588
2011,3,2.71640262739013
2011,4,2.71334259684334
2011,5,2.71492933378366
2011,6,2.71301999005138
2011,7,2.70666635609047
2011,8,2.70540657766836
2011,9,2.689928610984
2011,10,2.68229926359152
2011,11,2.68503089701
2011,12,2.68541787688261
2012,1,2.69629891944512
2012,2,2.70304975598972
2012,3,2.7097373657287
2012,4,2.71354677909012
2012,5,2.71130250882297
2012,6,2.70425648268974
2012,7,2.70528709036907
2012,8,2.70697056783955
2012,9,2.70680198479274
2012,10,2.70955432843648
2012,11,2.71335156866982
2012,12,2.72117380212234
2013,1,2.72972353902093
2013,2,2.74925196491833
2013,3,2.7683839480019
2013,4,2.78125324617762
2013,5,2.81374179260821
2013,6,2.85938344833062
2013,7,2.87034159454677
2013,8,2.89771689087016
2013,9,2.91677884720964
2013,10,2.93706978137265
2013,11,2.99705161673556
2013,12,3.1396879729381
2014,1,3.15417164570168
2014,2,3.16738906075401
2014,3,3.19655847210169
2014,4,3.21478946777705
2014,5,3.22807955831121
2014,6,3.24848779644213
2014,7,3.25529918142306
2014,8,3.26384181060965
2014,9,3.26992758994834
2014,10,3.27402122806067
2014,11,3.28185899472925
2014,12,3.28874421672921
2015,1,3.29000650368044
2015,2,3.29146590038286
2015,3,3.28760650902418
2015,4,3.28170419707603
2015,5,3.29311397378975
2015,6,3.31802895994025
2015,7,3.32946445589534
2015,8,3.33753157328431
2015,9,3.35542397262336
2015,10,3.37156319892732
2015,11,3.38858881328856
2015,12,3.44043846738974
2016,1,3.44610161649886
2016,2,3.44853633298371
2016,3,3.45109398488568
2016,4,3.46744823872308
2016,5,3.48265344520848
2016,6,3.48484576047067
2016,7,3.48858527282301
2016,8,3.49674943221819
2016,9,3.49254240709032
2016,10,3.49543074084553
2016,11,3.50184034789287
2016,12,3.5049491471552
2017,1,3.49909049694801
2017,2,3.49843587665789
2017,3,3.49166516041499
2017,4,3.48799938882899
2017,5,3.48075242765741
2017,6,3.4746478191235
2017,7,3.4708177712601
2017,8,3.46858325430671
2017,9,3.46802437790395
2017,10,3.46595902952977
2017,11,3.46294943732066
2017,12,3.46294943732066
