Year,Month,Concentration
1986,1,0
1986,2,0
1986,3,0
1986,4,0
1986,5,0
1986,6,0
1986,7,0
1986,8,0
1986,9,0
1986,10,0
1986,11,0
1986,12,0
1987,1,0
1987,2,0
1987,3,0
1987,4,0
1987,5,0
1987,6,0
1987,7,0
1987,8,0
1987,9,0
1987,10,0
1987,11,0
1987,12,0
1988,1,0
1988,2,0
1988,3,0
1988,4,0
1988,5,0
1988,6,0
1988,7,0
1988,8,0
1988,9,0
1988,10,0
1988,11,0
1988,12,0
1989,1,0
1989,2,0
1989,3,0
1989,4,0
1989,5,0
1989,6,0
1989,7,0
1989,8,0
1989,9,0
1989,10,0
1989,11,0
1989,12,0
1990,1,0
1990,2,0
1990,3,0
1990,4,0
1990,5,0
1990,6,0
1990,7,0
1990,8,0
1990,9,0
1990,10,0
1990,11,0
1990,12,0
1991,1,0
1991,2,0
1991,3,0
1991,4,0
1991,5,0
1991,6,0
1991,7,0
1991,8,0
1991,9,0
1991,10,0
1991,11,0
1991,12,0
1992,1,0
1992,2,0
1992,3,0
1992,4,0
1992,5,0
1992,6,0
1992,7,0
1992,8,0
1992,9,0
1992,10,0
1992,11,0
1992,12,0
1993,1,0
1993,2,0
1993,3,0
1993,4,0
1993,5,0
1993,6,0
1993,7,0
1993,8,0
1993,9,0
1993,10,0
1993,11,0
1993,12,0
1994,1,0
1994,2,0
1994,3,0
1994,4,0
1994,5,0
1994,6,0
1994,7,0
1994,8,0
1994,9,0
1994,10,0
1994,11,0
1994,12,0
1995,1,0
1995,2,0
1995,3,0
1995,4,0
1995,5,0
1995,6,0
1995,7,0
1995,8,0
1995,9,0
1995,10,0
1995,11,0
1995,12,0
1996,1,0
1996,2,0
1996,3,0
1996,4,0
1996,5,0
1996,6,0
1996,7,0
1996,8,0
1996,9,0
1996,10,0
1996,11,0
1996,12,0
1997,1,0
1997,2,0
1997,3,0
1997,4,0
1997,5,0
1997,6,0
1997,7,0
1997,8,0
1997,9,0
1997,10,0
1997,11,0
1997,12,0
1998,1,0
1998,2,0
1998,3,0
1998,4,0
1998,5,0
1998,6,0
1998,7,0
1998,8,0
1998,9,0
1998,10,0
1998,11,0
1998,12,0
1999,1,0
1999,2,0
1999,3,0
1999,4,0
1999,5,0
1999,6,0
1999,7,0
1999,8,0
1999,9,0
1999,10,0
1999,11,0
1999,12,0
2000,1,0
2000,2,0
2000,3,0
2000,4,0
2000,5,0
2000,6,0
2000,7,0
2000,8,0
2000,9,0
2000,10,0
2000,11,0
2000,12,0
2001,1,0
2001,2,0
2001,3,0
2001,4,0
2001,5,0
2001,6,0
2001,7,0
2001,8,0
2001,9,0
2001,10,0
2001,11,0
2001,12,0
2002,1,0
2002,2,0
2002,3,0
2002,4,0
2002,5,0
2002,6,0
2002,7,0
2002,8,0
2002,9,0
2002,10,0
2002,11,0
2002,12,0
2003,1,0
2003,2,0
2003,3,0
2003,4,0
2003,5,0
2003,6,0
2003,7,0
2003,8,0
2003,9,0
2003,10,0
2003,11,0
2003,12,0
2004,1,0
2004,2,0
2004,3,0
2004,4,0
2004,5,0
2004,6,0
2004,7,0
2004,8,0
2004,9,0
2004,10,0
2004,11,0
2004,12,0
2005,1,0
2005,2,0
2005,3,0
2005,4,0
2005,5,0
2005,6,0
2005,7,0
2005,8,0
2005,9,0
2005,10,0
2005,11,0
2005,12,0
2006,1,0
2006,2,0
2006,3,0
2006,4,0
2006,5,0
2006,6,0
2006,7,0
2006,8,0
2006,9,0
2006,10,0
2006,11,0
2006,12,0
2007,1,0
2007,2,0
2007,3,0
2007,4,0
2007,5,0
2007,6,0
2007,7,0
2007,8,0
2007,9,0
2007,10,0
2007,11,0
2007,12,0
2008,1,0
2008,2,0
2008,3,0
2008,4,0
2008,5,0
2008,6,0
2008,7,0
2008,8,0
2008,9,0
2008,10,0
2008,11,0
2008,12,0
2009,1,0
2009,2,0
2009,3,0
2009,4,0
2009,5,0
2009,6,0
2009,7,0
2009,8,0
2009,9,0
2009,10,0
2009,11,0
2009,12,0
2010,1,0
2010,2,0
2010,3,0
2010,4,0
2010,5,0
2010,6,0
2010,7,0
2010,8,0
2010,9,0
2010,10,0
2010,11,0
2010,12,0
2011,1,0
2011,2,0
2011,3,0
2011,4,0
2011,5,0
2011,6,0.742843205027084
2011,7,1.47592636260772
2011,8,1.47254629025716
2011,9,1.46588867785803
2011,10,1.45848659164142
2011,11,1.45761571209543
2011,12,1.45848364414016
2012,1,1.470294219432
2012,2,1.47980196293168
2012,3,1.4922081638371
2012,4,1.49260918316998
2012,5,1.49126781844344
2012,6,1.48900458941672
2012,7,1.48978730006254
2012,8,1.48907851074075
2012,9,1.48894288004347
2012,10,1.49217635563339
2012,11,1.4961592971646
2012,12,1.49805431483688
2013,1,1.50560134280711
2013,2,1.50827622443315
2013,3,1.52670345530489
2013,4,1.5268866714946
2013,5,1.52377502155414
2013,6,1.51338426790375
2013,7,1.51310240096072
2013,8,1.52455666084786
2013,9,1.54254741213011
2013,10,1.5529290802581
2013,11,1.56431322556686
2013,12,1.56573073654872
2014,1,1.56479140188395
2014,2,1.56298148321185
2014,3,1.55356481893041
2014,4,1.55161185244587
2014,5,1.55188506575868
2014,6,1.55461229613147
2014,7,1.56828266507893
2014,8,1.5874549451437
2014,9,1.63615525130425
2014,10,1.63922032563511
2014,11,1.64125512987056
2014,12,1.64997033878139
2015,1,1.65803931348366
2015,2,1.66499618762619
2015,3,1.66695432670348
2015,4,1.66570749228224
2015,5,1.68139738884573
2015,6,1.73787661145446
2015,7,1.76285561438423
2015,8,1.78257149807647
2015,9,1.78568340342689
2015,10,1.78913759100827
2015,11,1.80059093548537
2015,12,1.80177813030547
2016,1,1.80422332628924
2016,2,1.80641600775345
2016,3,1.80628055335645
2016,4,1.80879396537111
2016,5,1.81324112191002
2016,6,1.81447209688907
2016,7,1.80388563235053
2016,8,1.80133587050686
2016,9,1.7985510340851
2016,10,1.79783665950331
2016,11,1.79553899264711
2016,12,1.79444584816919
2017,1,1.79387394033736
2017,2,1.79240749221485
2017,3,1.7927794792588
2017,4,1.79321447226354
2017,5,1.79292160972239
2017,6,1.79308445950982
2017,7,1.79314532692001
2017,8,1.7931471777514
2017,9,1.79448071042063
2017,10,1.79842169459229
2017,11,1.79901464900167
2017,12,1.79901464900167
