Year,Month,Concentration
1986,1,0
1986,2,0
1986,3,0
1986,4,0
1986,5,0
1986,6,0
1986,7,0
1986,8,0
1986,9,0
1986,10,0
1986,11,0
1986,12,0
1987,1,0
1987,2,0
1987,3,0
1987,4,0
1987,5,0
1987,6,0
1987,7,0
1987,8,0
1987,9,0
1987,10,0
1987,11,0
1987,12,0
1988,1,0
1988,2,0
1988,3,0
1988,4,0
1988,5,0
1988,6,0
1988,7,0
1988,8,0
1988,9,0
1988,10,0
1988,11,0
1988,12,0
1989,1,0
1989,2,0
1989,3,0
1989,4,0
1989,5,0
1989,6,0
1989,7,0
1989,8,0
1989,9,0
1989,10,0
1989,11,0
1989,12,0
1990,1,0
1990,2,0
1990,3,0
1990,4,0
1990,5,0
1990,6,0
1990,7,0
1990,8,0
1990,9,0
1990,10,0
1990,11,0
1990,12,0
1991,1,0
1991,2,0
1991,3,0
1991,4,0
1991,5,0
1991,6,0
1991,7,0
1991,8,0
1991,9,0
1991,10,0
1991,11,0
1991,12,0
1992,1,0
1992,2,0
1992,3,0
1992,4,0
1992,5,0
1992,6,0
1992,7,0
1992,8,0
1992,9,0
1992,10,0
1992,11,0
1992,12,0
1993,1,0
1993,2,0
1993,3,0
1993,4,0
1993,5,0
1993,6,0
1993,7,0
1993,8,0
1993,9,0
1993,10,0
1993,11,0
1993,12,0
1994,1,0
1994,2,0
1994,3,0
1994,4,0
1994,5,0
1994,6,0
1994,7,0
1994,8,0
1994,9,0
1994,10,0
1994,11,0
1994,12,0
1995,1,0
1995,2,0
1995,3,0
1995,4,0
1995,5,0
1995,6,0
1995,7,0
1995,8,0
1995,9,0
1995,10,0
1995,11,0
1995,12,0
1996,1,0
1996,2,0
1996,3,0
1996,4,0
1996,5,0
1996,6,0
1996,7,0
1996,8,0
1996,9,0
1996,10,0
1996,11,0
1996,12,0
1997,1,0
1997,2,0
1997,3,0
1997,4,0
1997,5,0
1997,6,0
1997,7,0
1997,8,0
1997,9,0
1997,10,0
1997,11,0
1997,12,0
1998,1,0
1998,2,0
1998,3,0
1998,4,0
1998,5,0
1998,6,0
1998,7,0
1998,8,0
1998,9,0
1998,10,0
1998,11,0
1998,12,0
1999,1,0
1999,2,0
1999,3,0
1999,4,0
1999,5,0
1999,6,0
1999,7,0
1999,8,0
1999,9,0
1999,10,0
1999,11,0
1999,12,0
2000,1,0
2000,2,0
2000,3,0
2000,4,0
2000,5,0
2000,6,0
2000,7,0
2000,8,0
2000,9,0
2000,10,0
2000,11,0
2000,12,0
2001,1,0
2001,2,0
2001,3,0
2001,4,0
2001,5,0
2001,6,0
2001,7,0
2001,8,0
2001,9,0
2001,10,0
2001,11,0
2001,12,0
2002,1,0
2002,2,0
2002,3,0
2002,4,0
2002,5,0
2002,6,0
2002,7,0
2002,8,0
2002,9,0
2002,10,0
2002,11,0
2002,12,0
2003,1,0
2003,2,0
2003,3,0
2003,4,0
2003,5,0
2003,6,0
2003,7,1.31252217253049
2003,8,1.74581391767801
2003,9,1.74232297111662
2003,10,1.72796576418189
2003,11,1.71707906693427
2003,12,1.7140294339766
2004,1,1.7136576705621
2004,2,1.71212024903862
2004,3,1.71465718126677
2004,4,1.70571265196426
2004,5,1.70426457500187
2004,6,1.7116361599107
2004,7,1.71002254009606
2004,8,1.70436618254004
2004,9,1.70400457425475
2004,10,1.70597867676687
2004,11,1.70469099902466
2004,12,1.70317037398214
2005,1,1.70693068670967
2005,2,1.71372490651833
2005,3,1.7159175097133
2005,4,1.71797540821706
2005,5,1.71734536575753
2005,6,1.72305376862752
2005,7,1.72127930449161
2005,8,1.72245225206735
2005,9,1.72535461997628
2005,10,1.72657779972439
2005,11,1.72564852394476
2005,12,1.72965266790854
2006,1,1.73572623078095
2006,2,1.74428340675176
2006,3,1.74700964220881
2006,4,1.75133689988614
2006,5,1.75191843769627
2006,6,1.75690189802665
2006,7,1.7579477694167
2006,8,1.75842431356141
2006,9,1.75349423028798
2006,10,1.75307678891682
2006,11,1.75322032376848
2006,12,1.75253305158525
2007,1,1.75204214290239
2007,2,1.75134488366304
2007,3,1.74715842501472
2007,4,1.74111559818913
2007,5,1.73657632429695
2007,6,1.73489127109429
2007,7,1.73538654193254
2007,8,1.73292166407875
2007,9,1.73332987028591
2007,10,1.73585643976195
2007,11,1.73795755459294
2007,12,1.71574884624961
2008,1,1.69408427390958
2008,2,1.67953019847069
2008,3,1.67629726286413
2008,4,1.66916019752311
2008,5,1.66700130637882
2008,6,1.65430093634455
2008,7,1.65472610910729
2008,8,1.64196706879082
2008,9,1.63072835967702
2008,10,1.62325660909168
2008,11,1.62002228042618
2008,12,1.61817820734503
2009,1,1.6167507383114
2009,2,1.61423770788455
2009,3,1.61328327783871
2009,4,1.61063939511434
2009,5,1.60975405788786
2009,6,1.59883436157462
2009,7,1.59052086958246
2009,8,1.58170950894818
2009,9,1.57539519260418
2009,10,1.57293114571029
2009,11,1.56083538763802
2009,12,1.55730231445169
2010,1,1.55470435675509
2010,2,1.55214610999776
2010,3,1.55030121377662
2010,4,1.54765763679732
2010,5,1.54801531940266
2010,6,1.54851898439835
2010,7,1.54897576747601
2010,8,1.54137908188639
2010,9,1.5323453231207
2010,10,1.53307650454345
2010,11,1.53075862399019
2010,12,1.52930766802242
2011,1,1.52818758715846
2011,2,1.51685930355107
2011,3,1.50950652130881
2011,4,1.50842435298455
2011,5,1.5024105012768
2011,6,1.50030969790325
2011,7,1.48580379571622
2011,8,1.48194273775199
2011,9,1.4742648515677
2011,10,1.4704831469916
2011,11,1.47015595868201
2011,12,1.46635709975988
2012,1,1.46769390726537
2012,2,1.47170936572015
2012,3,1.48337675619042
2012,4,1.48261918712605
2012,5,1.47895716949238
2012,6,1.4685500475365
2012,7,1.46677043551276
2012,8,1.46470504065894
2012,9,1.46773244514517
2012,10,1.47527119029211
2012,11,1.49304847508944
2012,12,1.50796832078724
2013,1,1.53162822124839
2013,2,1.56656199211126
2013,3,1.71516053374602
2013,4,1.74174455188253
2013,5,1.75786277535231
2013,6,1.79591490801503
2013,7,1.81198509720478
2013,8,1.83055249801997
2013,9,1.85326711683758
2013,10,1.8602752478837
2013,11,1.87302889379976
2013,12,1.88755952036768
2014,1,1.88949447847517
2014,2,1.88854870046156
2014,3,1.88901517780875
2014,4,1.88872526914403
2014,5,1.88828480210571
2014,6,1.89413700499375
2014,7,1.89737203919318
2014,8,1.90544619273409
2014,9,1.91447582958154
2014,10,1.91928421453744
2014,11,1.92779382036397
2014,12,1.93074152671847
2015,1,1.92965203493684
2015,2,1.92914736491664
2015,3,1.92824133308469
2015,4,1.92762964330964
2015,5,1.9292270224756
2015,6,1.94010880926221
2015,7,1.94519798643273
2015,8,1.94395236598897
2015,9,1.94356393622237
2015,10,1.94404112370794
2015,11,1.9465014877833
2015,12,1.95017888827366
