Year,Month,Concentration
1986,1,0
1986,2,0
1986,3,0
1986,4,0
1986,5,0
1986,6,0
1986,7,0
1986,8,0
1986,9,0
1986,10,0
1986,11,0
1986,12,0
1987,1,0
1987,2,0
1987,3,0
1987,4,0
1987,5,0
1987,6,0
1987,7,0
1987,8,0
1987,9,0
1987,10,0
1987,11,0
1987,12,0
1988,1,0
1988,2,0
1988,3,0
1988,4,0
1988,5,0
1988,6,0
1988,7,0
1988,8,0
1988,9,0
1988,10,0
1988,11,0
1988,12,0
1989,1,0
1989,2,0
1989,3,0
1989,4,0
1989,5,0
1989,6,0
1989,7,0
1989,8,0
1989,9,0
1989,10,0
1989,11,0
1989,12,0
1990,1,0
1990,2,0
1990,3,0
1990,4,0
1990,5,0
1990,6,0
1990,7,0
1990,8,0
1990,9,0
1990,10,0
1990,11,0
1990,12,0
1991,1,0
1991,2,0
1991,3,0
1991,4,0
1991,5,0
1991,6,0
1991,7,0
1991,8,0
1991,9,0
1991,10,0
1991,11,0
1991,12,0
1992,1,0
1992,2,0
1992,3,0
1992,4,0
1992,5,0
1992,6,0
1992,7,0
1992,8,0
1992,9,0
1992,10,0
1992,11,0
1992,12,0
1993,1,0
1993,2,0
1993,3,0
1993,4,0
1993,5,0
1993,6,0
1993,7,0
1993,8,0
1993,9,0
1993,10,0
1993,11,0
1993,12,0
1994,1,0
1994,2,0
1994,3,0
1994,4,0
1994,5,0
1994,6,0
1994,7,0
1994,8,0
1994,9,0
1994,10,0
1994,11,0
1994,12,0
1995,1,0
1995,2,0
1995,3,0
1995,4,0
1995,5,0
1995,6,0
1995,7,0
1995,8,0
1995,9,0
1995,10,0
1995,11,0
1995,12,0
1996,1,0
1996,2,0
1996,3,0
1996,4,0
1996,5,0
1996,6,0.332266538578405
1996,7,1.32906615431362
1996,8,1.32913246536474
1996,9,1.32976172180845
1996,10,1.33033997288104
1996,11,1.33030520353498
1996,12,1.3328751658742
1997,1,1.33391088491786
1997,2,1.33559139394482
1997,3,1.33696320063937
1997,4,1.33864487955582
1997,5,1.34046491903137
1997,6,1.3411533640348
1997,7,1.34115225882066
1997,8,1.34544520123901
1997,9,1.36514998239552
1997,10,1.39055489361277
1997,11,1.39129799206395
1997,12,1.39059550899787
1998,1,1.38863116686193
1998,2,1.38641760025478
1998,3,1.37869452744454
1998,4,1.37134459792259
1998,5,1.37168402981207
1998,6,1.38494501992323
1998,7,1.40080805279509
1998,8,1.41437006501134
1998,9,0.706995249226035
1998,10,0
1998,11,0
1998,12,0
1999,1,0
1999,2,0
1999,3,0
1999,4,0
1999,5,0
1999,6,0
1999,7,0
1999,8,0
1999,9,0
1999,10,0
1999,11,0
1999,12,0
2000,1,0
2000,2,0
2000,3,0
2000,4,0
2000,5,0
2000,6,0
2000,7,0
2000,8,0
2000,9,0.839498437523882
2000,10,1.39648442738054
2000,11,1.39522621083832
2000,12,1.39216871032061
2001,1,1.39051618740384
2001,2,1.38963271911085
2001,3,1.38867362648179
2001,4,1.38488109552768
2001,5,1.38752798721032
2001,6,1.38649315342606
2001,7,1.38131260564279
2001,8,1.36170361209565
2001,9,0.683624460634128
2001,10,0
2001,11,0
2001,12,0
2002,1,0
2002,2,0
2002,3,0
2002,4,0
2002,5,0
2002,6,0
2002,7,0
2002,8,0
2002,9,0
2002,10,0
2002,11,0
2002,12,0
2003,1,0
2003,2,0
2003,3,0
2003,4,0
2003,5,0
2003,6,0.957326133466327
2003,7,11.3894974379395
2003,8,13.8270072214168
2003,9,13.8382771611279
2003,10,13.7931143103948
2003,11,13.7733434468965
2003,12,13.724384371664
2004,1,11.9179806534588
2004,2,4.25416999594957
2004,3,4.36021613176749
2004,4,4.33044643160703
2004,5,15.8697842764045
2004,6,15.8797352332967
2004,7,16.027508858984
2004,8,16.141754022019
2004,9,16.4530416333572
2004,10,16.7306280341097
2004,11,17.3892935410604
2004,12,19.1337730593909
2005,1,19.2860443533048
2005,2,19.3319077926798
2005,3,19.4584636087217
2005,4,20.0349674557527
2005,5,20.2299408291172
2005,6,20.2512269995068
2005,7,20.3228249672767
2005,8,20.4406515238915
2005,9,20.4526337225785
2005,10,20.4109596992472
2005,11,20.4407878126582
2005,12,20.450909728189
2006,1,20.4746318467901
2006,2,20.4847269925271
2006,3,19.8625458015955
2006,4,18.3883754960106
2006,5,18.0151904077483
2006,6,17.9097980768538
2006,7,17.9134053188923
2006,8,17.9204012150168
2006,9,17.863988445172
2006,10,17.7561333717629
2006,11,17.7465099214822
2006,12,17.7363260838074
2007,1,17.7701243353162
2007,2,17.7144601809043
2007,3,17.6941814477369
2007,4,17.6548228938581
2007,5,17.6484680596322
2007,6,17.6047259744777
2007,7,17.5940007164447
2007,8,17.5897890004179
2007,9,17.5890643996238
2007,10,17.5709081845194
2007,11,17.5346437652643
2007,12,17.5334009706691
2008,1,17.5304570058399
2008,2,17.5293812002721
2008,3,17.5487684426515
2008,4,17.5563579459093
2008,5,17.5856506637107
2008,6,17.5988456266726
2008,7,17.6098060111591
2008,8,17.6153898038754
2008,9,17.5801515599338
2008,10,17.5753872742205
2008,11,17.6027882354778
2008,12,17.5888399828097
2009,1,17.5955824076507
2009,2,17.6027010211992
2009,3,17.6035835358434
2009,4,17.6367638147487
2009,5,17.6673138528158
2009,6,17.6622593972146
2009,7,17.6592893639953
2009,8,17.6917780927591
2009,9,17.6806036313087
2009,10,17.7153382143704
2009,11,17.7027854472599
2009,12,17.6903701924494
2010,1,17.6538373261314
2010,2,17.5964250088999
2010,3,17.5078993225909
2010,4,17.4866729292088
2010,5,17.464332201566
2010,6,17.4146498420293
2010,7,17.4157586918423
2010,8,17.4251384509978
2010,9,17.3968227565871
2010,10,17.411480580463
2010,11,17.4280862651286
2010,12,17.3689238384338
2011,1,17.3985816091002
2011,2,17.4697171010455
2011,3,17.4533915176261
2011,4,17.4371951066644
2011,5,17.4053164617681
2011,6,17.3987462361404
2011,7,17.4024168269174
2011,8,17.4016299579111
2011,9,17.4231761889902
2011,10,17.5085110304475
2011,11,17.5219017874948
2011,12,17.5376484161668
2012,1,17.602522984501
2012,2,17.7501560494123
2012,3,17.7606725247947
2012,4,17.8792271123082
2012,5,18.1870069113861
2012,6,18.7094312907801
2012,7,18.7828848122229
2012,8,18.8902067087644
2012,9,18.9080133438547
2012,10,18.8926088433377
2012,11,18.9947037823715
2012,12,19.2704303496633
2013,1,19.4441041381574
2013,2,19.9046634543148
2013,3,20.029507731924
2013,4,20.040149071773
2013,5,20.0401378181436
2013,6,20.0567566341841
2013,7,20.070472694546
2013,8,20.0584471352869
2013,9,19.9925716287188
2013,10,19.9988946810182
2013,11,19.997254048389
2013,12,20.018706453822
2014,1,20.0660935975192
2014,2,415.627518927688
2014,3,547.544854298165
2014,4,548.257453871678
2014,5,548.729481140697
2014,6,550.682635390149
2014,7,551.798497385854
2014,8,551.733356690953
2014,9,552.287751289965
2014,10,560.508448343544
2014,11,560.770956333858
2014,12,561.915032487858
2015,1,562.140022288201
2015,2,562.016433428914
2015,3,562.110791473312
2015,4,562.601329872673
2015,5,563.936674269931
2015,6,563.933098080073
2015,7,566.134638659903
2015,8,567.146377820907
2015,9,567.524967629952
2015,10,567.654940129568
2015,11,567.803613510072
2015,12,567.898927769167
2016,1,567.394318145447
2016,2,567.316220288031
2016,3,567.286002861082
2016,4,567.172593635818
2016,5,566.896038305417
2016,6,565.784057509375
2016,7,564.065680973793
2016,8,563.177799342592
2016,9,562.114536882965
2016,10,560.636105050558
2016,11,561.079513361319
2016,12,561.106401689388
2017,1,560.193235907958
2017,2,559.755045836876
2017,3,559.86886932211
2017,4,560.210351695388
2017,5,560.58838492045
2017,6,560.817961879222
2017,7,560.146777659974
2017,8,558.573325965957
2017,9,558.324038852669
2017,10,557.741036543782
2017,11,557.648683996784
2017,12,557.810115105325
2018,1,558.148780273531
2018,2,558.248848373744
2018,3,558.171193284235
2018,4,557.64018606986
2018,5,557.559986903907
2018,6,557.584145617908
2018,7,557.908484990476
2018,8,558.276011754676
2018,9,558.570127189538
2018,10,558.559314798485
2018,11,558.485174347469
2018,12,558.39577868612
2019,1,558.174857599341
2019,2,557.998617405426
2019,3,558.013374208952
2019,4,558.024771076884
2019,5,558.022895656355
2019,6,558.030252750729
2019,7,557.999931653092
2019,8,557.999931653092
2019,9,558.094717037802
2019,10,558.126967232035
2019,11,558.126967232035
2019,12,558.126967232035
