Year,Month,Concentration
1986,1,0
1986,2,0
1986,3,0
1986,4,0
1986,5,0
1986,6,0
1986,7,0
1986,8,0
1986,9,0
1986,10,0
1986,11,0
1986,12,0
1987,1,0
1987,2,0
1987,3,0
1987,4,0
1987,5,0
1987,6,0
1987,7,0
1987,8,0
1987,9,0
1987,10,0
1987,11,0
1987,12,0
1988,1,0
1988,2,0
1988,3,0
1988,4,0
1988,5,0
1988,6,0
1988,7,0
1988,8,0
1988,9,0
1988,10,0
1988,11,0
1988,12,0
1989,1,0
1989,2,0
1989,3,0
1989,4,0
1989,5,0
1989,6,0
1989,7,0
1989,8,0
1989,9,0
1989,10,0
1989,11,0
1989,12,0
1990,1,0
1990,2,0
1990,3,0
1990,4,0
1990,5,0
1990,6,0
1990,7,0
1990,8,0
1990,9,0
1990,10,0
1990,11,2.51421637052615
1990,12,3.15417497651665
1991,1,3.16076261977772
1991,2,3.22858916183098
1991,3,3.29240245538418
1991,4,3.30338469796543
1991,5,3.33881678098369
1991,6,3.33737652170951
1991,7,3.33737652170951
1991,8,3.33895791840161
1991,9,3.32265934744454
1991,10,3.32395343625216
1991,11,3.31847985680231
1991,12,3.31684544928945
1992,1,3.31729135985392
1992,2,3.32017961344594
1992,3,3.32440279572042
1992,4,3.33945853574506
1992,5,3.35619824058096
1992,6,3.3545354136388
1992,7,3.35942311488552
1992,8,3.3686380655434
1992,9,3.36508126417525
1992,10,3.36508126417525
1992,11,3.37189565937129
1992,12,3.37416712443664
1993,1,3.37033819159726
1993,2,3.35940141191671
1993,3,3.3752084760393
1993,4,3.37549424704559
1993,5,3.37557338808422
1993,6,3.36239132967283
1993,7,3.34995963893695
1993,8,3.34617980683545
1993,9,3.34340891589359
1993,10,3.34311868681203
1993,11,3.34457717298336
1993,12,3.34457717298336
1994,1,3.3409151374294
1994,2,3.33320105866811
1994,3,10.7876359037081
1994,4,18.2446315117601
1994,5,18.2446315117601
1994,6,18.2281616727285
1994,7,18.202993124961
1994,8,18.2090533672928
1994,9,18.2223726664519
1994,10,18.2483662878727
1994,11,18.239271762801
1994,12,18.2379458543427
1995,1,18.2370619153705
1995,2,18.2370619153705
1995,3,18.2127250455293
1995,4,18.2148389920591
1995,5,18.2232784907751
1995,6,18.234017471057
1995,7,18.234017471057
1995,8,18.234017471057
1995,9,18.2306836652847
1995,10,18.2256829566263
1995,11,18.2526533296119
1995,12,18.3142913426536
1996,1,18.4117319673142
1996,2,18.4725990610936
1996,3,18.4725990610936
1996,4,18.4717356061879
1996,5,18.474409850457
1996,6,18.4744418059658
1996,7,18.4745376724922
1996,8,15.4686654540596
1996,9,3.32315852343043
1996,10,3.32772656388701
1996,11,3.32809695036292
1996,12,3.32425828827754
1997,1,3.33472377937471
1997,2,3.34020461358493
1997,3,3.34605123669446
1997,4,3.35773268816814
1997,5,3.36816210006151
1997,6,3.40222342916882
1997,7,3.40513203118418
1997,8,18.2055532031141
1997,9,14.4576376297406
1997,10,9.15833927446124
1997,11,17.5544796641359
1997,12,17.5012649884861
1998,1,17.4614592649103
1998,2,17.5206143779372
1998,3,17.5774486927067
1998,4,17.6835589595632
1998,5,15.0544954709801
1998,6,3.54734878430817
1998,7,9.52021269306454
1998,8,18.524605915346
1998,9,18.7015778881447
1998,10,18.8507700703333
1998,11,19.2356924841314
1998,12,172.914104774542
1999,1,508.459239535756
1999,2,20.5484829946336
1999,3,21.2008867946701
1999,4,22.3475208337248
1999,5,22.6066529213009
1999,6,22.6600495798737
1999,7,22.780610125957
1999,8,22.9233030043665
1999,9,460.338097613509
1999,10,592.362973215495
1999,11,443.095156367627
1999,12,25.3063932834852
2000,1,26.2670631164995
2000,2,26.7450283230977
2000,3,27.422279838715
2000,4,27.7385477602742
2000,5,28.0190695473065
2000,6,28.3955715207668
2000,7,28.9723456211484
2000,8,29.3083344670975
2000,9,29.373507134599
2000,10,29.5711576242512
2000,11,29.9587112412524
2000,12,30.1900816482818
2001,1,31.4980013620338
2001,2,33.3306093009414
2001,3,33.7885907516116
2001,4,33.9412669652755
2001,5,33.8831936637242
2001,6,34.1004404776328
2001,7,34.5683606121939
2001,8,34.4963972953836
2001,9,35.0567954273826
2001,10,36.0985936348896
2001,11,41.2011388201429
2001,12,43.1203090830007
2002,1,43.869525395307
2002,2,44.0324453103245
2002,3,19.6618718652979
2002,4,3.84732286077858
2002,5,3.91566656659868
2002,6,3.93098585024288
2002,7,3.94514503504107
2002,8,3.9621364178084
2002,9,3.97424167905962
2002,10,3.98013100773593
2002,11,3.95915374175874
2002,12,0.985662319986548
2003,1,0
2003,2,0
2003,3,0
2003,4,0
2003,5,0
2003,6,0
2003,7,0
2003,8,0
2003,9,0
2003,10,0.64564722894803
2003,11,3.20355978229359
2003,12,0
2004,1,0
2004,2,0
2004,3,0
2004,4,0
2004,5,0
2004,6,0
2004,7,0
2004,8,0
2004,9,2.31907824364932
2004,10,3.16457891696008
2004,11,3.12628639510573
2004,12,3.08556639455924
2005,1,2.99525656424678
2005,2,2.96533522701309
2005,3,2.95146100670908
2005,4,2.93664336263586
2005,5,2.91344567944198
2005,6,2.87754745203913
2005,7,2.86487861407214
2005,8,2.85846777219375
2005,9,2.85710666859494
2005,10,2.85578549235569
2005,11,2.85433881861458
2005,12,2.85131635155056
2006,1,2.84801717058037
2006,2,2.84987504607097
2006,3,0
2006,4,0
2006,5,2.12915900801558
2006,6,2.85707876095389
2006,7,2.94867757989546
2006,8,2.96175111293814
2006,9,448.702986423952
2006,10,556.475415629065
2006,11,554.801874964627
2006,12,560.440297290556
2007,1,568.489987433294
2007,2,583.19912490651
2007,3,591.127439676805
2007,4,599.93032067115
2007,5,591.453050958708
2007,6,585.613927712766
2007,7,585.194401040217
2007,8,582.26618149634
2007,9,579.651655438808
2007,10,576.586699278426
2007,11,576.750241710785
2007,12,578.464201289068
2008,1,579.850008153724
2008,2,581.472747977257
2008,3,582.180237881866
2008,4,582.8008703079
2008,5,585.467495225905
2008,6,592.982142417047
2008,7,601.625885546069
2008,8,612.376994046858
2008,9,614.099271064587
2008,10,628.786067066737
2008,11,638.813209405391
2008,12,632.706422258835
2009,1,618.95347986366
2009,2,607.749915854697
2009,3,604.224427590256
2009,4,603.657325817305
2009,5,603.129696813974
2009,6,603.893811920971
2009,7,603.38292778831
2009,8,604.619065128584
2009,9,604.475287337618
2009,10,602.864253258724
2009,11,601.37858117851
2009,12,606.719959485577
2010,1,615.451739385017
2010,2,626.430241293389
2010,3,634.82608545231
2010,4,635.903732253342
2010,5,628.585748197055
2010,6,632.105325217059
2010,7,637.136723816992
2010,8,642.892511246927
2010,9,643.908941199102
2010,10,646.466764461089
2010,11,646.202985802441
2010,12,632.674246673377
2011,1,625.367795110939
2011,2,619.658346558428
2011,3,615.877676399459
2011,4,613.111028515856
2011,5,622.739614962945
2011,6,897.191408444805
2011,7,1790.52793861348
2011,8,1898.30475442415
2011,9,1889.19826438271
2011,10,1820.56273085096
2011,11,1776.04368510213
2011,12,1786.2945623173
2012,1,1787.5901213077
2012,2,1796.80480625889
2012,3,1813.04474050645
2012,4,1825.39659022191
2012,5,1845.7220112985
2012,6,1869.69608933725
2012,7,1844.05023947707
2012,8,1841.47806746175
2012,9,1841.73789021379
2012,10,1842.84655612044
2012,11,1841.29914234362
2012,12,1838.70355374932
2013,1,1834.58922288687
2013,2,1834.52228718013
2013,3,1834.0784754034
2013,4,1833.98903323378
2013,5,1834.38981324755
2013,6,1834.42451902892
2013,7,1832.72464884305
2013,8,1830.60792797202
2013,9,1831.08074903574
2013,10,1830.84766340218
2013,11,1830.40702914062
2013,12,1831.19188043145
2014,1,1832.60363220789
2014,2,1834.09327337434
2014,3,1836.26836712796
2014,4,1840.80489171254
2014,5,1844.11607776334
2014,6,1848.18869356535
2014,7,1851.61671303724
2014,8,1871.01858643306
2014,9,1878.1879054661
2014,10,1913.15615544023
2014,11,1919.17620873672
2014,12,1927.32575516307
2015,1,1933.62449748534
2015,2,1934.76412136842
2015,3,1933.98206555848
2015,4,1935.43537215045
2015,5,1933.60696389175
2015,6,1933.72707691721
2015,7,1939.7117790146
2015,8,1947.95909748115
2015,9,1951.9179040339
2015,10,1955.80851159295
2015,11,1954.98908003722
2015,12,1954.00574243212
