Year,Month,Concentration
1986,1,2227.01607937585
1986,2,2227.01607937585
1986,3,2227.01607937585
1986,4,2227.01607937585
1986,5,2227.01607937585
1986,6,2227.01607937585
1986,7,2227.01607937585
1986,8,2227.01607937585
1986,9,2227.01607937585
1986,10,2227.01607937585
1986,11,2227.01607937585
1986,12,2230.83519298017
1987,1,2230.83519298017
1987,2,2230.83519298017
1987,3,2231.9229263786
1987,4,2231.9229263786
1987,5,2231.9229263786
1987,6,2231.9229263786
1987,7,2231.9229263786
1987,8,2231.9229263786
1987,9,2230.45451718195
1987,10,2230.45451718195
1987,11,2230.45451718195
1987,12,2230.45451718195
1988,1,2230.45451718195
1988,2,2230.45451718195
1988,3,2230.45451718195
1988,4,2230.45451718195
1988,5,2230.45451718195
1988,6,2230.45451718195
1988,7,2230.45451718195
1988,8,2226.07666127566
1988,9,2222.043940788
1988,10,2222.043940788
1988,11,2222.043940788
1988,12,2221.88444109245
1989,1,2221.77810796209
1989,2,2221.77810796209
1989,3,2221.77810796209
1989,4,2221.35851081924
1989,5,2221.26792007645
1989,6,2220.99614784806
1989,7,2220.70568945546
1989,8,2220.35048114392
1989,9,2220.01880498984
1989,10,2213.38609966921
1989,11,2211.97548476646
1989,12,2215.65690979351
1990,1,2213.94497803397
1990,2,2209.49725485091
1990,3,2217.09391120288
1990,4,2222.96578304535
1990,5,2234.51603009413
1990,6,2242.34047797326
1990,7,2282.06693097951
1990,8,2310.03427944075
1990,9,2327.39354220149
1990,10,2411.37489755438
1990,11,2476.85287590432
1990,12,2486.74935148919
1991,1,2516.21259224606
1991,2,2541.06623693068
1991,3,2549.68916726211
1991,4,2570.57860051979
1991,5,2584.18206903885
1991,6,2587.26081067521
1991,7,2591.96316783505
1991,8,2592.16415454996
1991,9,2592.71250646536
1991,10,2592.95937830841
1991,11,2601.29023982063
1991,12,2602.42366368616
1992,1,2606.44012936135
1992,2,2609.25884565741
1992,3,2617.78713917873
1992,4,2626.70103910358
1992,5,2627.85785831414
1992,6,2634.86656159887
1992,7,2644.22150254882
1992,8,2670.07704999383
1992,9,2684.72636565355
1992,10,2712.34554651408
1992,11,2732.43099376103
1992,12,2732.43099376103
1993,1,2799.71425205819
1993,2,2833.33099720309
1993,3,2845.93197436507
1993,4,2895.19727882167
1993,5,2908.18591186075
1993,6,2965.12765403927
1993,7,2974.11149558827
1993,8,2991.26227428271
1993,9,2993.31904254388
1993,10,3005.76547996473
1993,11,3015.80574916378
1993,12,3019.18083869329
1994,1,3019.94467438314
1994,2,3021.77613178081
1994,3,3023.15347540951
1994,4,3025.38252468851
1994,5,3037.06933276405
1994,6,3046.49890168322
1994,7,3086.85333941323
1994,8,3096.24325782817
1994,9,3095.50478153699
1994,10,3101.55384812753
1994,11,3104.19694946051
1994,12,3102.17923067353
1995,1,3105.8361440276
1995,2,3105.8361440276
1995,3,3106.82183696407
1995,4,3108.57628560705
1995,5,3110.61071463736
1995,6,3120.42262717464
1995,7,3133.18487083032
1995,8,3133.41280974721
1995,9,3134.0966264979
1995,10,3135.06743168317
1995,11,3135.06743168317
1995,12,3144.21569910311
1996,1,3145.01755629091
1996,2,3145.8194134787
1996,3,3145.8194134787
1996,4,3144.03015941916
1996,5,3143.43374139932
1996,6,3143.79833120248
1996,7,3144.89210061198
1996,8,3144.89210061198
1996,9,3139.857148718
1996,10,3134.82219682402
1996,11,3135.61364470853
1996,12,3154.23845032387
1997,1,3155.30766675477
1997,2,3157.15140257723
1997,3,3156.66384442602
1997,4,3156.09921829813
1997,5,3158.66795145226
1997,6,3164.72626982536
1997,7,3173.64634998625
1997,8,3175.20264348233
1997,9,3174.33478135496
1997,10,3168.11811069756
1997,11,3167.6177113855
1997,12,3171.54793333658
1998,1,3171.6365196642
1998,2,3187.00498433627
1998,3,3194.37021837437
1998,4,3196.81137897189
1998,5,3200.29862829789
1998,6,3202.46934560184
1998,7,3206.75949102011
1998,8,3212.98794770636
1998,9,3209.21818647575
1998,10,3214.21408259776
1998,11,3211.0094420199
1998,12,3208.85431610712
1999,1,3217.47503056002
1999,2,3219.53136667205
1999,3,3219.92853030307
1999,4,3228.97663784675
1999,5,3229.32198390739
1999,6,3227.51780823206
1999,7,3216.06345316814
1999,8,3183.28786062844
1999,9,3172.21005182427
1999,10,3171.23916007641
1999,11,3165.76848936371
1999,12,3156.34481356544
2000,1,3148.87622036452
2000,2,3127.07823068499
2000,3,3082.53850461545
2000,4,3075.21972186842
2000,5,3057.99073351933
2000,6,2897.76440160797
2000,7,2856.16596568007
2000,8,2835.17844395441
2000,9,2773.31610101442
2000,10,2759.00253909126
2000,11,2777.55797051436
2000,12,2730.8260030264
2001,1,2725.83726684498
2001,2,2731.41994343141
2001,3,2732.39547343103
2001,4,2729.93700794938
2001,5,2724.29770455753
2001,6,2747.88275209233
2001,7,2769.68628199931
2001,8,2767.46513848234
2001,9,2761.11726406043
2001,10,2749.88368301296
2001,11,2595.30860282625
2001,12,2439.33944684423
2002,1,2413.50023331747
2002,2,2359.48214949707
2002,3,2291.29982457264
2002,4,2185.7580316964
2002,5,2030.84441876649
2002,6,1999.35217999212
2002,7,1971.04996369825
2002,8,1907.48543927653
2002,9,1848.18400128462
2002,10,1820.61708503065
2002,11,1762.35971198199
2002,12,1737.56447264126
2003,1,1704.01504446291
2003,2,1674.50924005093
2003,3,1660.96787186699
2003,4,1653.3920944331
2003,5,1635.32625271124
2003,6,782.029582433615
2003,7,494.05452636352
2003,8,494.177348104749
2003,9,494.013246462606
2003,10,487.72482921689
2003,11,482.583406495852
2003,12,482.937221050455
2004,1,483.008358358387
2004,2,483.022446813892
2004,3,483.0524807433
2004,4,482.195716633042
2004,5,480.744962496876
2004,6,479.222303171461
2004,7,477.217341789169
2004,8,474.659291440463
2004,9,473.808541967826
2004,10,473.510898772216
2004,11,474.702251669139
2004,12,476.108051352698
2005,1,474.978715438126
2005,2,475.670635793482
2005,3,476.092924168439
2005,4,476.432629117101
2005,5,475.586354451357
2005,6,475.09886065886
2005,7,475.299859361415
2005,8,474.588611688762
2005,9,474.621801678378
2005,10,476.689444756071
2005,11,480.972808049174
2005,12,494.781364054278
2006,1,497.585745980063
2006,2,499.214592503609
2006,3,503.35641965404
2006,4,503.614964215889
2006,5,504.140306935669
2006,6,503.066640008949
2006,7,503.04898055789
2006,8,504.086830460766
2006,9,508.179892012317
2006,10,508.380371900269
2006,11,507.211230606856
2006,12,506.656182321735
2007,1,506.150977916609
2007,2,504.630399094801
2007,3,504.751141320022
2007,4,504.264269655158
2007,5,504.972952706308
2007,6,504.709552458801
2007,7,503.496712913171
2007,8,500.748251261771
2007,9,499.034645186955
2007,10,497.122834617462
2007,11,493.303493815098
2007,12,489.383557017175
2008,1,480.421348985744
2008,2,475.9854499406
2008,3,474.439459518821
2008,4,472.509031019327
2008,5,469.774226707015
2008,6,469.534673900571
2008,7,468.069163230166
2008,8,465.569590707106
2008,9,465.115257629676
2008,10,463.543290574949
2008,11,461.346240545519
2008,12,461.070005712601
2009,1,460.123553155459
2009,2,459.098330086833
2009,3,458.870851932003
2009,4,457.139571385794
2009,5,454.930544829136
2009,6,454.761188540504
2009,7,454.250855356452
2009,8,454.246075014179
2009,9,453.635524447623
2009,10,452.875417154098
2009,11,452.343715625164
2009,12,452.350934480331
2010,1,453.437120761363
2010,2,454.025105882434
2010,3,454.633706232034
2010,4,455.625056152306
2010,5,456.370800149603
2010,6,457.133582995634
2010,7,456.983236300199
2010,8,457.023974597375
2010,9,457.133648210843
2010,10,457.621277580152
2010,11,459.275087726401
2010,12,459.839317238074
2011,1,459.905845840066
2011,2,459.863113906609
2011,3,460.549313384942
2011,4,461.48697540369
2011,5,461.640728038937
2011,6,462.797615382033
2011,7,410.63776459828
2011,8,198.546668302633
2011,9,198.808661592343
2011,10,199.366825645486
2011,11,198.470527542719
2011,12,197.57821732594
2012,1,197.608662572637
2012,2,198.107515605161
2012,3,198.122297199838
2012,4,198.044209384739
2012,5,199.219617882874
2012,6,199.142217676737
2012,7,199.104835048163
2012,8,198.895513223009
2012,9,198.295952486404
2012,10,198.069688371511
2012,11,197.65526459709
2012,12,197.636584346819
2013,1,197.636403158962
2013,2,197.420977139664
2013,3,197.409255041705
2013,4,197.390930825377
2013,5,197.235647113882
2013,6,197.085889846449
2013,7,196.696723563847
2013,8,195.626947066073
2013,9,194.827656300332
2013,10,194.523819524522
2013,11,193.523573187355
2013,12,193.3984222542
2014,1,192.484747462403
2014,2,191.524333592209
2014,3,191.475258698926
2014,4,190.712235786187
2014,5,190.656208611532
2014,6,190.463964668584
2014,7,190.221936298776
2014,8,189.373222365868
2014,9,188.820026252299
2014,10,188.161983092882
2014,11,187.674966670808
2014,12,187.076497319289
2015,1,185.079885655043
2015,2,182.871479221878
2015,3,181.960527279558
2015,4,181.642284918784
2015,5,180.532600246344
2015,6,179.896738058962
2015,7,179.427758657141
2015,8,179.050561580983
2015,9,178.295531911529
2015,10,177.793215748823
2015,11,176.511725127697
2015,12,175.109632921298
2016,1,175.002279663048
2016,2,174.958210772788
2016,3,174.430083120004
2016,4,174.135887505205
2016,5,173.493518393552
2016,6,173.353280921465
2016,7,172.979390083004
2016,8,172.657271342384
2016,9,171.81378516681
2016,10,172.072559004234
2016,11,172.951477337968
2016,12,173.637130805646
2017,1,173.945531809609
2017,2,174.613854487058
2017,3,174.976887717415
2017,4,174.803867549146
2017,5,174.513829686944
2017,6,174.388046681938
2017,7,174.173703648519
2017,8,174.036594017643
2017,9,173.933168143348
2017,10,173.981360651931
2017,11,174.142395914581
2017,12,174.183845203451
