Year,Month,Concentration
1986,1,0
1986,2,0
1986,3,0
1986,4,0
1986,5,0
1986,6,0
1986,7,0
1986,8,0
1986,9,0
1986,10,0
1986,11,0
1986,12,0
1987,1,0
1987,2,0
1987,3,0
1987,4,0
1987,5,0
1987,6,0
1987,7,0
1987,8,0
1987,9,0
1987,10,0
1987,11,0
1987,12,0
1988,1,0
1988,2,0
1988,3,0
1988,4,0
1988,5,0
1988,6,0
1988,7,0
1988,8,0
1988,9,0
1988,10,0
1988,11,0
1988,12,0
1989,1,0
1989,2,0
1989,3,0
1989,4,0
1989,5,0
1989,6,0
1989,7,0
1989,8,0
1989,9,0
1989,10,0
1989,11,0
1989,12,0
1990,1,0
1990,2,0
1990,3,0
1990,4,0
1990,5,0
1990,6,0
1990,7,0
1990,8,0
1990,9,0
1990,10,0
1990,11,0
1990,12,0
1991,1,0
1991,2,0
1991,3,0
1991,4,0
1991,5,0
1991,6,0
1991,7,0
1991,8,0
1991,9,0
1991,10,0
1991,11,0
1991,12,0
1992,1,0
1992,2,0
1992,3,0
1992,4,0
1992,5,0
1992,6,0
1992,7,0
1992,8,0
1992,9,0
1992,10,0
1992,11,0
1992,12,0
1993,1,0
1993,2,0
1993,3,0
1993,4,0
1993,5,0
1993,6,0
1993,7,0
1993,8,0
1993,9,0
1993,10,0
1993,11,0
1993,12,0
1994,1,0
1994,2,0
1994,3,0
1994,4,0
1994,5,0
1994,6,0
1994,7,0
1994,8,0
1994,9,0
1994,10,0
1994,11,0
1994,12,0
1995,1,0
1995,2,0
1995,3,0
1995,4,0
1995,5,0
1995,6,0
1995,7,0
1995,8,0
1995,9,0
1995,10,0
1995,11,0
1995,12,0
1996,1,0
1996,2,0
1996,3,0
1996,4,0
1996,5,0
1996,6,0
1996,7,0
1996,8,0
1996,9,0
1996,10,0
1996,11,0
1996,12,0
1997,1,0
1997,2,0
1997,3,0
1997,4,0
1997,5,0
1997,6,0
1997,7,0
1997,8,0
1997,9,0
1997,10,0
1997,11,0
1997,12,0
1998,1,0
1998,2,0
1998,3,0
1998,4,0
1998,5,0
1998,6,0
1998,7,0
1998,8,0
1998,9,0
1998,10,0
1998,11,0
1998,12,0
1999,1,0
1999,2,0
1999,3,0
1999,4,0
1999,5,0
1999,6,0
1999,7,0
1999,8,0
1999,9,0
1999,10,0
1999,11,0
1999,12,0
2000,1,0
2000,2,0
2000,3,0
2000,4,0
2000,5,0
2000,6,0
2000,7,0
2000,8,0
2000,9,0
2000,10,0
2000,11,0
2000,12,0
2001,1,0
2001,2,0
2001,3,0
2001,4,0
2001,5,0
2001,6,0
2001,7,0
2001,8,0
2001,9,0
2001,10,0
2001,11,0
2001,12,0
2002,1,0
2002,2,0
2002,3,0
2002,4,0
2002,5,0
2002,6,0
2002,7,0
2002,8,0
2002,9,0
2002,10,0
2002,11,0
2002,12,0
2003,1,0
2003,2,0
2003,3,0
2003,4,0
2003,5,0
2003,6,0
2003,7,18.9370557670779
2003,8,25.221669457885
2003,9,25.1963438531823
2003,10,25.1581475469797
2003,11,25.1291867715262
2003,12,25.1739959405167
2004,1,25.1064076099633
2004,2,25.0145300095333
2004,3,24.9864190076807
2004,4,24.9986187997858
2004,5,24.9640386561459
2004,6,24.8874119163994
2004,7,24.791873293775
2004,8,24.7324217639543
2004,9,24.750356926946
2004,10,24.7377441358985
2004,11,24.7221405475563
2004,12,24.6567135135669
2005,1,24.58882269872
2005,2,24.5507664182037
2005,3,24.5288203053357
2005,4,24.50372274693
2005,5,24.4608677106593
2005,6,24.4233996884303
2005,7,24.2934729451077
2005,8,24.2999029249384
2005,9,24.3396128996863
2005,10,24.3528561811652
2005,11,24.4115529643745
2005,12,24.4167440865672
2006,1,24.3967311189273
2006,2,24.3386196315629
2006,3,24.2747735397343
2006,4,24.1627120073597
2006,5,24.0440858513643
2006,6,23.9409929555496
2006,7,23.5499752295593
2006,8,23.1120581827907
2006,9,22.8594850908996
2006,10,22.5790691918954
2006,11,22.1548756415598
2006,12,21.4751818339812
2007,1,21.2784560254959
2007,2,21.2157267769667
2007,3,21.1592658415144
2007,4,21.1243014729832
2007,5,21.0052744096306
2007,6,20.869199126275
2007,7,20.7833790311425
2007,8,20.6557329793417
2007,9,20.6321115573887
2007,10,20.598007363769
2007,11,20.4288207702858
2007,12,20.4048796929895
2008,1,20.3918579772348
2008,2,20.346095791717
2008,3,20.3459313532826
2008,4,20.3426194294934
2008,5,20.3376108654507
2008,6,20.3406100453746
2008,7,20.3129539348418
2008,8,20.1220476821789
2008,9,20.021959974723
2008,10,19.9641987113429
2008,11,19.939908690906
2008,12,19.9063248018199
2009,1,19.8784155847265
2009,2,19.7813561431766
2009,3,19.7255203324443
2009,4,19.803559462761
2009,5,19.8139290752116
2009,6,19.8163360350731
2009,7,19.8004744191877
2009,8,19.7260592310828
2009,9,19.5563841818594
2009,10,19.3546426081193
2009,11,19.3245349664959
2009,12,19.3142638943532
2010,1,19.3175661194473
2010,2,7.54805136153641
2010,3,3.61955661109514
2010,4,3.61710809510737
2010,5,3.61793729597972
2010,6,3.62000509016775
2010,7,3.62174529272594
2010,8,3.62954078340229
2010,9,3.62343832233483
2010,10,3.61887727904131
2010,11,3.62544558981255
2010,12,3.62759010612125
2011,1,3.63557355660035
2011,2,3.64508133978026
2011,3,3.65632977863684
2011,4,3.6916249379395
2011,5,3.70164353046275
2011,6,3.69768828431405
2011,7,3.69593364340858
2011,8,3.70248601501331
2011,9,3.71233015226804
2011,10,3.70915456892679
2011,11,3.71115270256663
2011,12,3.71207280270951
2012,1,3.70881056163295
2012,2,3.7038603980807
2012,3,3.68880344738415
2012,4,3.65406043958875
2012,5,3.63793982888229
2012,6,3.61554575429868
2012,7,3.60867501565631
2012,8,3.59783532864933
2012,9,3.59803564757603
2012,10,3.59588458062929
2012,11,3.59083087645514
2012,12,3.59755507349982
2013,1,3.5987969117804
2013,2,3.59352327452098
2013,3,3.57700117111941
2013,4,3.5706655538437
2013,5,3.57668668872232
2013,6,3.57845777881512
2013,7,3.57919480003993
2013,8,3.57420187017891
2013,9,3.56262671309302
2013,10,3.55962881470939
2013,11,3.54534400904317
2013,12,3.53542078362633
2014,1,3.52984331586242
2014,2,3.52713367759534
2014,3,3.51598858102442
2014,4,3.50589097918342
2014,5,3.4819511849816
2014,6,3.44931275075778
2014,7,3.40716226506076
2014,8,3.39216287993189
2014,9,3.38508929983297
2014,10,3.36443270670439
2014,11,3.34111898465267
2014,12,3.32767739470276
2015,1,3.31205972769744
2015,2,3.30020306754985
2015,3,3.30229172795126
2015,4,3.3064447520726
2015,5,3.31429254632821
2015,6,3.32351784854527
2015,7,3.31807007434692
2015,8,3.3221771158373
2015,9,3.31552538077313
2015,10,3.31816595152956
2015,11,3.31972297104787
2015,12,3.32473038491813
2016,1,3.33386179573731
2016,2,3.35748356100966
2016,3,3.38096410183804
2016,4,3.38142991058153
2016,5,3.38234025242581
2016,6,3.37467263487658
2016,7,3.34969367560836
2016,8,3.33919301514361
2016,9,3.30355387357507
2016,10,3.29101350848184
2016,11,3.28841902147142
2016,12,3.27721268798771
2017,1,3.25920136899663
2017,2,3.25760186428198
2017,3,3.25664207555514
2017,4,3.25603836678999
2017,5,3.25570038211133
2017,6,3.25691242893753
2017,7,3.25851142460954
2017,8,3.25540443206272
2017,9,3.25314187245426
2017,10,3.2460967701708
2017,11,3.24475461159333
2017,12,3.24475461159333
