Year,Month,Concentration
1986,1,2.9667504034434
1986,2,2.9667504034434
1986,3,2.9667504034434
1986,4,2.9667504034434
1986,5,2.973029533301
1986,6,2.98244822808741
1986,7,2.98244822808741
1986,8,2.98244822808741
1986,9,2.98880617510673
1986,10,2.98880617510673
1986,11,2.98880617510673
1986,12,2.98880617510673
1987,1,2.98880617510673
1987,2,3.03561518698691
1987,3,3.03561518698691
1987,4,3.03561518698691
1987,5,3.04402541175792
1987,6,3.04843382795904
1987,7,3.04843382795904
1987,8,3.04841114181569
1987,9,3.04838845567234
1987,10,3.08918636725514
1987,11,3.11787839135017
1987,12,3.11787839135017
1988,1,3.10358454189945
1988,2,3.07768482619565
1988,3,3.07471672027747
1988,4,3.050832628568
1988,5,3.02753886224513
1988,6,2.98679702738547
1988,7,2.9666509924793
1988,8,2.91467754348853
1988,9,2.87587467307137
1988,10,2.87406532139605
1988,11,2.87406532139605
1988,12,2.87521947738871
1989,1,2.87829972190758
1989,2,2.90280827866582
1989,3,2.92274913001775
1989,4,2.94473308878431
1989,5,2.96189217884737
1989,6,2.97549530072753
1989,7,2.97359302312504
1989,8,2.97541063504306
1989,9,2.97927628875918
1989,10,2.98495217971537
1989,11,2.98690995871888
1989,12,2.98626546791153
1990,1,2.99358711276039
1990,2,2.99255973545574
1990,3,2.9957505515731
1990,4,2.99112220931641
1990,5,2.96518600163889
1990,6,2.96427235397742
1990,7,2.91572872036949
1990,8,2.83304587067562
1990,9,2.82809198601758
1990,10,2.82849168714023
1990,11,2.83601724605387
1990,12,2.84550692937237
1991,1,2.84837762814641
1991,2,2.86079977753884
1991,3,2.90865060873344
1991,4,2.91896197855388
1991,5,2.9517430411156
1991,6,2.96233534204799
1991,7,2.96061927228283
1991,8,2.96022200332849
1991,9,2.95990662319326
1991,10,2.96061185528134
1991,11,2.94903848378903
1991,12,2.94769560070442
1992,1,2.94789366248359
1992,2,2.95495027592765
1992,3,2.95540193772475
1992,4,2.95540193772475
1992,5,2.94949289299696
1992,6,2.94728625359386
1992,7,2.9527693038332
1992,8,2.96442211247272
1992,9,2.96744970958311
1992,10,2.96744970958311
1992,11,2.96107575948573
1992,12,2.95774817128851
1993,1,2.95654523312375
1993,2,2.95823065094552
1993,3,2.98712524431366
1993,4,2.98712524431366
1993,5,2.99521687997984
1993,6,3.0150980915728
1993,7,3.0150980915728
1993,8,3.00479290482463
1993,9,2.98074573952847
1993,10,2.98330145789917
1993,11,2.9852145178509
1993,12,2.98558846725119
1994,1,2.98490536342921
1994,2,2.98613231210379
1994,3,2.98799065517544
1994,4,2.98410343288849
1994,5,2.98054490437131
1994,6,2.97521494540973
1994,7,2.97679395338025
1994,8,2.977860226692
1994,9,2.98906719702459
1994,10,3.03437639886192
1994,11,3.03437639886192
1994,12,3.03707510828816
1995,1,3.0382259509578
1995,2,3.04944750812643
1995,3,3.08511298906234
1995,4,3.08529761898544
1995,5,3.09073769970288
1995,6,3.09281450051916
1995,7,3.10346113252707
1995,8,3.10414262656034
1995,9,3.10577764779847
1995,10,3.13209131986643
1995,11,3.13679515719356
1995,12,3.15013876677623
1996,1,3.15688947495704
1996,2,3.16288270050084
1996,3,3.16399529342331
1996,4,3.16378844992749
1996,5,3.17069130705544
1996,6,3.17542285434714
1996,7,3.17631993345619
1996,8,3.18251221743101
1996,9,3.18317469178187
1996,10,3.1912108552879
1996,11,3.19596448186849
1996,12,3.20804944496649
1997,1,3.25233930322017
1997,2,3.27466756673921
1997,3,3.30436707843922
1997,4,3.35581220541582
1997,5,3.39808960372732
1997,6,3.41095957830066
1997,7,3.42232478167726
1997,8,3.45767314503581
1997,9,3.5591481013384
1997,10,3.58625631103032
1997,11,3.70102717097514
1997,12,3.71264267970969
1998,1,3.6909864920926
1998,2,3.77387528749131
1998,3,3.77641617195497
1998,4,3.76284317697135
1998,5,3.7543562096887
1998,6,3.76314947039597
1998,7,3.80821655803566
1998,8,3.89683786180462
1998,9,3.91390339466682
1998,10,3.94401280671994
1998,11,3.9571533909028
1998,12,3.95798067014771
1999,1,3.95999176443153
1999,2,3.97212278318456
1999,3,4.07704471801849
1999,4,4.10880729607567
1999,5,4.10450319598479
1999,6,4.10652521521307
1999,7,4.10221630892077
1999,8,4.09886755414625
1999,9,4.14440219047061
1999,10,4.16644641498455
1999,11,4.17155399203871
1999,12,4.17292498553321
2000,1,4.17664331929565
2000,2,4.19861237436674
2000,3,4.20953706898887
2000,4,4.21256234539307
2000,5,4.21087745918629
2000,6,4.22730903132574
2000,7,4.24744768888797
2000,8,4.26947690045097
2000,9,4.27688521446603
2000,10,4.26331594223054
2000,11,4.22998514018864
2000,12,4.2247562368341
2001,1,4.21943705273264
2001,2,4.24657788029049
2001,3,4.26775395508421
2001,4,4.27562949747703
2001,5,4.26175246112923
2001,6,4.26336740197708
2001,7,4.25335957338976
2001,8,4.23024512693391
2001,9,4.2280254657881
2001,10,4.23603719577108
2001,11,4.25206754098765
2001,12,4.28247764990786
2002,1,4.32759042502384
2002,2,4.36002735982929
2002,3,4.4011317583274
2002,4,4.45881055994763
2002,5,4.53328257573541
2002,6,4.57820222526945
2002,7,4.60536501882887
2002,8,4.63518193674718
2002,9,4.66877763017029
2002,10,4.68511887727401
2002,11,4.69115843924187
2002,12,4.71752718014147
2003,1,4.75176694332997
2003,2,4.76567869129369
2003,3,4.76567869129369
2003,4,4.76962664769381
2003,5,4.76891238688329
2003,6,4.77422513156515
2003,7,4.7728163373391
2003,8,4.70359087932311
2003,9,4.67145073477043
2003,10,4.66516665306597
2003,11,4.65263209151848
2003,12,4.64883313058603
2004,1,4.64386393935083
2004,2,4.65653775049156
2004,3,4.66078113930521
2004,4,4.65609986766812
2004,5,4.6446735157361
2004,6,4.62873390932392
2004,7,4.62035951222733
2004,8,4.60594527457489
2004,9,4.62220761703797
2004,10,4.61545633583088
2004,11,4.61043547771491
2004,12,4.59890050527405
2005,1,4.60587898215726
2005,2,4.57870099722097
2005,3,4.57481642638863
2005,4,4.56513588937252
2005,5,4.55154942824688
2005,6,4.54286008315418
2005,7,4.5449288973967
2005,8,4.54876261040642
2005,9,4.55132226976061
2005,10,4.55497658312241
2005,11,4.59316525247326
2005,12,4.618335847879
2006,1,4.63010963398522
2006,2,4.67387907806894
2006,3,4.70178043027092
2006,4,4.71912149398565
2006,5,4.7573359141197
2006,6,4.77826519550301
2006,7,4.90392243842452
2006,8,4.95454450927685
2006,9,5.05166530952764
2006,10,5.05380334751973
2006,11,5.05583482211574
2006,12,5.05917870294082
2007,1,5.07307039631782
2007,2,5.1027702729836
2007,3,5.11081847438903
2007,4,5.12329683600499
2007,5,5.13290797017278
2007,6,5.1363639644332
2007,7,5.17480170667707
2007,8,5.1859820043306
2007,9,5.19150728735072
2007,10,5.20747860323619
2007,11,5.21171540272701
2007,12,5.2133569869884
2008,1,5.2133569869884
2008,2,5.22360525547061
2008,3,5.22392038109347
2008,4,5.22360342528609
2008,5,5.22183446753586
2008,6,5.21475863653496
2008,7,5.21342502036968
2008,8,5.21332064955835
2008,9,5.20619819364254
2008,10,5.20023201498065
2008,11,5.19853758912419
2008,12,5.19853758912419
2009,1,5.19150431576083
2009,2,5.15170659902737
2009,3,5.14418021900478
2009,4,5.14203996629009
2009,5,5.13634001607635
2009,6,5.13634001607635
2009,7,5.13198955158221
2009,8,5.11521920194222
2009,9,5.09978838107536
2009,10,5.09955692539705
2009,11,5.09955692539705
2009,12,5.09955692539705
2010,1,5.09955692539705
2010,2,5.09482017407734
2010,3,5.08925811021863
2010,4,5.08644018042496
2010,5,5.08425171185221
2010,6,5.08373532547867
2010,7,5.08298901519669
2010,8,5.0822083195326
2010,9,5.06968323245393
2010,10,5.07243005478467
2010,11,5.12835353298846
2010,12,5.14884085536338
2011,1,5.18542474325107
2011,2,5.20673495233162
2011,3,5.21441688730097
2011,4,5.26713053145169
2011,5,5.29078103068006
2011,6,5.29207695807439
2011,7,5.29743730870512
2011,8,5.3101710481027
2011,9,5.35867892328347
2011,10,5.36295309499355
2011,11,5.36325321046014
2011,12,5.36208741200656
2012,1,5.35781190050012
2012,2,5.34333426136374
2012,3,5.30680219721586
2012,4,5.20022041092083
2012,5,5.17781273671658
2012,6,5.15099185820268
2012,7,5.11573069147748
2012,8,5.08824235007952
2012,9,5.02499290238841
2012,10,5.00686444091372
2012,11,5.01067446427347
2012,12,5.03744908457603
2013,1,5.03150296908978
2013,2,5.01678512851545
2013,3,5.02051474594439
2013,4,5.02381988598119
2013,5,5.0202549976691
2013,6,5.00574172878439
2013,7,5.00616002263108
2013,8,5.00436788161205
2013,9,4.99235727145397
2013,10,4.99190952783827
2013,11,4.97660993116553
2013,12,4.93025768728497
2014,1,4.89985785589659
2014,2,4.87853057308002
2014,3,4.82219198229509
2014,4,4.7747736170091
2014,5,4.71926279737325
2014,6,4.66323822314581
2014,7,4.57318513655725
2014,8,4.58200889148888
2014,9,4.5490883383095
2014,10,4.51536586972692
2014,11,4.49373300124948
2014,12,4.47955311075676
2015,1,4.47268035605026
2015,2,4.46291197822221
2015,3,4.45788082737969
2015,4,4.45194316529028
2015,5,4.43034255640725
2015,6,4.43644834959962
2015,7,4.43013149566939
2015,8,4.41666764206668
2015,9,4.41129428895029
2015,10,4.40818785060404
2015,11,4.4009054239224
2015,12,4.40782618093815
