Year,Month,Concentration
1986,1,0
1986,2,0
1986,3,0
1986,4,0
1986,5,0
1986,6,0
1986,7,0
1986,8,0
1986,9,0
1986,10,0
1986,11,0
1986,12,0
1987,1,0
1987,2,0
1987,3,0
1987,4,0
1987,5,0
1987,6,0
1987,7,0
1987,8,0
1987,9,0
1987,10,0
1987,11,0
1987,12,0
1988,1,0
1988,2,0
1988,3,0
1988,4,0
1988,5,0
1988,6,0
1988,7,0
1988,8,0
1988,9,0
1988,10,0
1988,11,0
1988,12,0
1989,1,0
1989,2,0
1989,3,0
1989,4,0
1989,5,0
1989,6,0
1989,7,0
1989,8,0
1989,9,0
1989,10,0
1989,11,0
1989,12,0
1990,1,0
1990,2,0
1990,3,0
1990,4,0
1990,5,0
1990,6,0
1990,7,0
1990,8,0
1990,9,0
1990,10,0
1990,11,0
1990,12,0
1991,1,0
1991,2,0
1991,3,0
1991,4,0
1991,5,0
1991,6,0
1991,7,0
1991,8,0
1991,9,0
1991,10,0
1991,11,0
1991,12,0
1992,1,0
1992,2,0
1992,3,0
1992,4,0
1992,5,0
1992,6,0
1992,7,0
1992,8,0
1992,9,0
1992,10,0
1992,11,0
1992,12,0
1993,1,0
1993,2,0
1993,3,0
1993,4,0
1993,5,0
1993,6,0
1993,7,0
1993,8,0
1993,9,0
1993,10,0
1993,11,0
1993,12,0
1994,1,0
1994,2,0
1994,3,0
1994,4,0
1994,5,0
1994,6,0
1994,7,0
1994,8,0
1994,9,0
1994,10,0
1994,11,0
1994,12,0
1995,1,0
1995,2,0
1995,3,0
1995,4,0
1995,5,0
1995,6,0
1995,7,0
1995,8,0
1995,9,0
1995,10,0
1995,11,0
1995,12,0
1996,1,0
1996,2,0
1996,3,0
1996,4,0
1996,5,0
1996,6,0
1996,7,0
1996,8,0
1996,9,0
1996,10,0
1996,11,0
1996,12,0
1997,1,0
1997,2,0
1997,3,0
1997,4,0
1997,5,0
1997,6,0
1997,7,0
1997,8,0
1997,9,0
1997,10,0
1997,11,0
1997,12,0
1998,1,0
1998,2,0
1998,3,0
1998,4,0
1998,5,0
1998,6,0
1998,7,0
1998,8,0
1998,9,0
1998,10,0
1998,11,0
1998,12,0
1999,1,0
1999,2,0
1999,3,0
1999,4,0
1999,5,0
1999,6,0
1999,7,0
1999,8,0
1999,9,0
1999,10,0
1999,11,0
1999,12,0
2000,1,0
2000,2,0
2000,3,0
2000,4,0
2000,5,0
2000,6,0
2000,7,0
2000,8,0
2000,9,0
2000,10,0
2000,11,0
2000,12,0
2001,1,0
2001,2,0
2001,3,0
2001,4,0
2001,5,0
2001,6,0
2001,7,0
2001,8,0
2001,9,0
2001,10,0
2001,11,0
2001,12,0
2002,1,0
2002,2,0
2002,3,0
2002,4,0
2002,5,0
2002,6,0
2002,7,0
2002,8,0
2002,9,0
2002,10,0
2002,11,0
2002,12,0
2003,1,0
2003,2,0
2003,3,0
2003,4,0
2003,5,0
2003,6,0
2003,7,0
2003,8,0
2003,9,0
2003,10,0
2003,11,0
2003,12,0
2004,1,0
2004,2,0
2004,3,0
2004,4,0
2004,5,0
2004,6,0
2004,7,0
2004,8,0
2004,9,0
2004,10,0
2004,11,0
2004,12,0
2005,1,0
2005,2,0
2005,3,0
2005,4,0
2005,5,0
2005,6,0
2005,7,0
2005,8,0
2005,9,0
2005,10,0
2005,11,0
2005,12,0
2006,1,0
2006,2,0
2006,3,0
2006,4,0
2006,5,0
2006,6,0
2006,7,0
2006,8,0
2006,9,0
2006,10,0
2006,11,0
2006,12,0
2007,1,0
2007,2,0
2007,3,0
2007,4,0
2007,5,0
2007,6,0
2007,7,0
2007,8,0
2007,9,0
2007,10,0
2007,11,0
2007,12,0
2008,1,0
2008,2,0
2008,3,0
2008,4,0
2008,5,0
2008,6,0
2008,7,0
2008,8,0
2008,9,0
2008,10,0
2008,11,0
2008,12,0
2009,1,0
2009,2,0
2009,3,0
2009,4,0
2009,5,0
2009,6,0
2009,7,0
2009,8,0
2009,9,0
2009,10,0
2009,11,0
2009,12,0
2010,1,0
2010,2,0
2010,3,0
2010,4,0
2010,5,0
2010,6,0
2010,7,0
2010,8,0
2010,9,0
2010,10,0
2010,11,0
2010,12,0
2011,1,0
2011,2,0
2011,3,0
2011,4,0
2011,5,0
2011,6,1.31323891915238
2011,7,2.62820491003054
2011,8,2.61685284282066
2011,9,2.5747671298221
2011,10,2.53924772382793
2011,11,2.57997626279492
2011,12,2.59589884141754
2012,1,2.59244156285544
2012,2,2.61795502134575
2012,3,2.58995678072084
2012,4,2.57820777893405
2012,5,2.59749790271451
2012,6,2.60946521132544
2012,7,2.57051444453428
2012,8,2.56717534281788
2012,9,2.56851970140481
2012,10,2.60331336857825
2012,11,2.6105024446465
2012,12,2.57801348860484
2013,1,2.57223089404888
2013,2,2.59366346969995
2013,3,2.6205079644931
2013,4,2.64454284338558
2013,5,2.69601140069498
2013,6,2.79941699494781
2013,7,2.81524180905763
2013,8,2.83530505746789
2013,9,2.82295175321448
2013,10,2.81350483102268
2013,11,2.87506032186216
2013,12,3.02916410259779
2014,1,3.12512151952528
2014,2,3.1295153964748
2014,3,3.13411456818481
2014,4,3.11795585532682
2014,5,3.17892051404089
2014,6,3.17767908141002
2014,7,3.18049162440322
2014,8,3.17468502085242
2014,9,3.17715641091979
2014,10,3.19252413308884
2014,11,3.20091930146173
2014,12,3.18902177402413
2015,1,3.17981053245262
2015,2,3.16898558507114
2015,3,3.17932123880458
2015,4,3.20058720157048
2015,5,3.20251828179869
2015,6,3.24243264973015
2015,7,3.2642456543816
2015,8,3.27884217949094
2015,9,3.27242919485502
2015,10,3.27727282488311
2015,11,3.27118787313532
2015,12,3.3074751807616
2016,1,3.3734092832399
2016,2,3.39003176788708
2016,3,3.34113199452025
2016,4,3.36230779706579
2016,5,3.3803903609216
2016,6,3.36019190893756
2016,7,3.3968426300024
2016,8,3.41780334682297
2016,9,3.42166115214346
2016,10,3.42024027637652
2016,11,3.41748864770616
2016,12,3.34024891461908
2017,1,3.34572375494345
2017,2,3.34091632986063
2017,3,3.34492885480797
2017,4,3.36619040999376
2017,5,3.34214950300728
2017,6,3.24076450873976
2017,7,3.14727061897266
2017,8,3.13677178290288
2017,9,3.20195640915042
2017,10,3.267193972397
2017,11,3.22477533974314
2017,12,3.18323151017623
2018,1,3.15584373927489
2018,2,3.11450252947139
2018,3,3.02886023720728
2018,4,2.93076431485828
2018,5,2.86267719104206
2018,6,2.8558988302515
2018,7,2.85027181364878
2018,8,2.85442699524738
2018,9,2.89589641901122
2018,10,2.91906634835737
2018,11,2.94522899342795
2018,12,2.98285622354875
2019,1,2.98924175148873
2019,2,2.98609835278376
2019,3,2.94797664443866
2019,4,2.92650516910336
2019,5,2.92623177266927
2019,6,2.93110802144951
2019,7,2.93572929425285
2019,8,2.94402487050699
2019,9,2.95954905075983
2019,10,2.96952573762054
2019,11,2.99694388039238
2019,12,3.0009359402063
