Year,Month,Concentration
1986,1,0
1986,2,0
1986,3,0
1986,4,0
1986,5,0
1986,6,0
1986,7,0
1986,8,0
1986,9,0
1986,10,0
1986,11,0
1986,12,0
1987,1,0
1987,2,0
1987,3,0
1987,4,0
1987,5,0
1987,6,0
1987,7,0
1987,8,0
1987,9,0
1987,10,0
1987,11,0
1987,12,0
1988,1,0
1988,2,0
1988,3,0
1988,4,0
1988,5,0
1988,6,0
1988,7,0
1988,8,0
1988,9,0
1988,10,0
1988,11,0
1988,12,0
1989,1,0
1989,2,0
1989,3,0
1989,4,0
1989,5,0
1989,6,0
1989,7,0
1989,8,0
1989,9,0
1989,10,0
1989,11,0
1989,12,0
1990,1,0
1990,2,0
1990,3,0
1990,4,0
1990,5,0
1990,6,0
1990,7,0
1990,8,0
1990,9,0
1990,10,0
1990,11,0
1990,12,0
1991,1,0
1991,2,0
1991,3,0
1991,4,0
1991,5,0
1991,6,0
1991,7,0
1991,8,0
1991,9,0
1991,10,0
1991,11,0
1991,12,0
1992,1,0
1992,2,0
1992,3,0
1992,4,0
1992,5,0
1992,6,0
1992,7,0
1992,8,0
1992,9,0
1992,10,0
1992,11,0
1992,12,0
1993,1,0
1993,2,0
1993,3,0
1993,4,0
1993,5,0
1993,6,0
1993,7,0
1993,8,0
1993,9,0
1993,10,0
1993,11,0
1993,12,0
1994,1,0
1994,2,0
1994,3,0
1994,4,0
1994,5,0
1994,6,0
1994,7,0
1994,8,0
1994,9,0
1994,10,0
1994,11,0
1994,12,0
1995,1,0
1995,2,0
1995,3,0
1995,4,0
1995,5,0
1995,6,0
1995,7,0
1995,8,0
1995,9,0
1995,10,0
1995,11,0
1995,12,0
1996,1,0
1996,2,0
1996,3,0
1996,4,0
1996,5,0
1996,6,0
1996,7,0
1996,8,0
1996,9,0
1996,10,0
1996,11,0
1996,12,0
1997,1,0
1997,2,0
1997,3,0
1997,4,0
1997,5,0
1997,6,0
1997,7,0
1997,8,0
1997,9,0
1997,10,0
1997,11,0
1997,12,0
1998,1,0
1998,2,0
1998,3,0
1998,4,0
1998,5,0
1998,6,0
1998,7,0
1998,8,0
1998,9,0
1998,10,0
1998,11,0
1998,12,0
1999,1,0
1999,2,0
1999,3,0
1999,4,0
1999,5,0
1999,6,0
1999,7,0
1999,8,0
1999,9,0
1999,10,0
1999,11,0
1999,12,0
2000,1,0
2000,2,0
2000,3,0
2000,4,0
2000,5,0
2000,6,0
2000,7,0
2000,8,0
2000,9,0
2000,10,0
2000,11,0
2000,12,0
2001,1,0
2001,2,0
2001,3,0
2001,4,0
2001,5,0
2001,6,0
2001,7,0
2001,8,0
2001,9,0
2001,10,0
2001,11,0
2001,12,0
2002,1,0
2002,2,0
2002,3,0
2002,4,0
2002,5,0
2002,6,0
2002,7,0
2002,8,0
2002,9,0
2002,10,0
2002,11,0
2002,12,0
2003,1,0
2003,2,0
2003,3,0
2003,4,0
2003,5,0
2003,6,0
2003,7,0
2003,8,0
2003,9,0
2003,10,0
2003,11,0
2003,12,0
2004,1,0
2004,2,0
2004,3,0
2004,4,0
2004,5,0
2004,6,0
2004,7,0
2004,8,0
2004,9,0
2004,10,0
2004,11,0
2004,12,0
2005,1,0
2005,2,0
2005,3,0
2005,4,0
2005,5,0
2005,6,0
2005,7,0
2005,8,0
2005,9,0
2005,10,0
2005,11,0
2005,12,0
2006,1,0
2006,2,0
2006,3,0
2006,4,0
2006,5,0
2006,6,0
2006,7,0
2006,8,0
2006,9,0
2006,10,0
2006,11,0
2006,12,0
2007,1,0
2007,2,0
2007,3,0
2007,4,0
2007,5,0
2007,6,0
2007,7,0
2007,8,0
2007,9,0
2007,10,0
2007,11,0
2007,12,0
2008,1,0
2008,2,0
2008,3,0
2008,4,0
2008,5,0
2008,6,0
2008,7,0
2008,8,0
2008,9,0
2008,10,0
2008,11,0
2008,12,0
2009,1,0
2009,2,0
2009,3,0
2009,4,0
2009,5,0
2009,6,0
2009,7,0
2009,8,0
2009,9,0
2009,10,0
2009,11,0
2009,12,0
2010,1,0
2010,2,0
2010,3,0
2010,4,0
2010,5,0
2010,6,0
2010,7,0
2010,8,0
2010,9,0
2010,10,0
2010,11,0
2010,12,0
2011,1,0
2011,2,0
2011,3,0
2011,4,0
2011,5,0
2011,6,0.760955807374901
2011,7,1.5031479720686
2011,8,1.45998980267679
2011,9,1.43111581294966
2011,10,1.4272077385118
2011,11,1.43595984926474
2011,12,1.49889918140222
2012,1,1.67289598829461
2012,2,1.67069935122198
2012,3,1.68289547277251
2012,4,1.68632741748237
2012,5,1.67745222876105
2012,6,1.68108393279906
2012,7,1.67351755473534
2012,8,1.66907686542499
2012,9,1.66983108121891
2012,10,1.53572479923354
2012,11,1.4668125739822
2012,12,1.46339576480768
2013,1,1.46366670818379
2013,2,1.4648128756334
2013,3,1.47432016536521
2013,4,1.47592627408515
2013,5,1.472875706506
2013,6,1.46872049826
2013,7,1.46515669946917
2013,8,1.47200429345387
2013,9,1.47256596396235
2013,10,1.49587418946897
2013,11,1.51252067500877
2013,12,1.52579334774492
2014,1,1.5544561819052
2014,2,1.53769373822349
2014,3,1.51513441939582
2014,4,1.51492668662774
2014,5,1.52014316275778
2014,6,1.66008904775973
2014,7,1.72686852211148
2014,8,1.73768135918399
2014,9,1.80247967746301
2014,10,1.81643146283169
2014,11,1.82657146443667
2014,12,1.82166640497013
2015,1,1.79527579015524
2015,2,1.7709983925617
2015,3,1.65023275919611
2015,4,1.66512740194185
2015,5,1.82210140496112
2015,6,1.8795412674662
2015,7,1.90370184972351
2015,8,1.91676781879726
2015,9,1.91944057028685
2015,10,1.92449289692739
2015,11,1.91734303222481
2015,12,1.82697581560647
2016,1,1.72341589907982
2016,2,1.72600454774268
2016,3,1.829434437148
2016,4,1.9336974187784
2016,5,1.95342282535917
2016,6,1.93309828632829
2016,7,1.74526096073988
2016,8,1.72342881363012
2016,9,1.72263867112433
2016,10,1.72299356990215
2016,11,1.72214565247423
2016,12,1.71624257467338
2017,1,1.72678704687813
2017,2,1.72285170139553
2017,3,1.7187571514409
2017,4,1.91740255460601
2017,5,1.91978700705821
2017,6,1.90619858173762
2017,7,1.90588286172446
2017,8,1.90579725459472
2017,9,1.91058739130914
2017,10,1.93064823290615
2017,11,1.91667023914644
2017,12,1.91807304994799
