Year,Month,Concentration
1986,1,0
1986,2,0
1986,3,0
1986,4,0
1986,5,0
1986,6,0
1986,7,0
1986,8,0
1986,9,0
1986,10,0
1986,11,0
1986,12,0
1987,1,0
1987,2,0
1987,3,0
1987,4,0
1987,5,0
1987,6,0
1987,7,0
1987,8,0
1987,9,0
1987,10,0
1987,11,0
1987,12,0
1988,1,0
1988,2,0
1988,3,0
1988,4,0
1988,5,0
1988,6,0
1988,7,0
1988,8,0
1988,9,0
1988,10,0
1988,11,0
1988,12,0
1989,1,0
1989,2,0
1989,3,0
1989,4,0
1989,5,0
1989,6,0
1989,7,0
1989,8,0
1989,9,0
1989,10,0
1989,11,0
1989,12,0
1990,1,0
1990,2,0
1990,3,0
1990,4,0
1990,5,0
1990,6,0
1990,7,0
1990,8,0
1990,9,0
1990,10,0
1990,11,0
1990,12,0
1991,1,0
1991,2,0
1991,3,0
1991,4,0
1991,5,0
1991,6,0
1991,7,0
1991,8,0
1991,9,0
1991,10,0
1991,11,0
1991,12,0
1992,1,0
1992,2,0
1992,3,0
1992,4,0
1992,5,0
1992,6,0
1992,7,0
1992,8,0
1992,9,0
1992,10,0
1992,11,0
1992,12,0
1993,1,0
1993,2,0
1993,3,0
1993,4,0
1993,5,0
1993,6,0
1993,7,0
1993,8,0
1993,9,0
1993,10,0
1993,11,0
1993,12,0
1994,1,0
1994,2,0
1994,3,0
1994,4,0
1994,5,0
1994,6,0
1994,7,0
1994,8,0
1994,9,0
1994,10,0
1994,11,0
1994,12,0
1995,1,0
1995,2,0
1995,3,0
1995,4,0
1995,5,0
1995,6,0
1995,7,0
1995,8,0
1995,9,0
1995,10,0
1995,11,0
1995,12,0
1996,1,0
1996,2,0
1996,3,0
1996,4,0
1996,5,0
1996,6,0
1996,7,0
1996,8,0
1996,9,0
1996,10,0
1996,11,0
1996,12,0
1997,1,0
1997,2,0
1997,3,0
1997,4,0
1997,5,0
1997,6,0
1997,7,0
1997,8,0
1997,9,0
1997,10,0
1997,11,0
1997,12,0
1998,1,0
1998,2,0
1998,3,0
1998,4,0
1998,5,0
1998,6,0
1998,7,0
1998,8,0
1998,9,0
1998,10,0
1998,11,0
1998,12,0
1999,1,0
1999,2,0
1999,3,0
1999,4,0
1999,5,0
1999,6,0
1999,7,0
1999,8,0
1999,9,0
1999,10,0
1999,11,0
1999,12,0
2000,1,0
2000,2,0
2000,3,0
2000,4,0
2000,5,0
2000,6,0
2000,7,0
2000,8,0
2000,9,0
2000,10,0
2000,11,0
2000,12,0
2001,1,0
2001,2,0
2001,3,0
2001,4,0
2001,5,0
2001,6,0
2001,7,0
2001,8,0
2001,9,0
2001,10,0
2001,11,0
2001,12,0
2002,1,0
2002,2,0
2002,3,0
2002,4,0
2002,5,0
2002,6,0
2002,7,0
2002,8,0
2002,9,0
2002,10,0
2002,11,0
2002,12,0
2003,1,0
2003,2,0
2003,3,0
2003,4,0
2003,5,0
2003,6,3.57752293233784
2003,7,4.77037269018394
2003,8,4.76965718330451
2003,9,4.76877909629591
2003,10,4.76867892245144
2003,11,4.76960688105895
2003,12,4.77214849286523
2004,1,4.77448332215323
2004,2,4.77413952777523
2004,3,4.77620327207956
2004,4,4.77646710279103
2004,5,4.77622143589063
2004,6,4.77615366203183
2004,7,4.77767240417037
2004,8,4.77910211014939
2004,9,4.77900113964536
2004,10,4.77898371137259
2004,11,4.7779620997083
2004,12,4.77842473149974
2005,1,4.77695371422756
2005,2,4.77409201013957
2005,3,4.77599866671073
2005,4,4.77919805427615
2005,5,4.7825583675726
2005,6,4.78218809309107
2005,7,4.78172963881073
2005,8,4.78152710023894
2005,9,4.78152710023894
2005,10,4.77991103717522
2005,11,4.77974080341096
2005,12,4.78036397842643
2006,1,4.77985023943396
2006,2,4.78039336723013
2006,3,4.77953069371743
2006,4,4.77992286193405
2006,5,4.78149050482032
2006,6,4.77952214839217
2006,7,4.77944236758845
2006,8,4.7804058913752
2006,9,4.7840510163479
2006,10,4.78472069868011
2006,11,4.78442759941717
2006,12,4.79100339654141
2007,1,4.79827450734149
2007,2,4.79872504427418
2007,3,4.79955722097055
2007,4,4.8017460899425
2007,5,4.81051491697121
2007,6,4.81310422154659
2007,7,4.81377979255107
2007,8,4.82212098190952
2007,9,4.82703838760516
2007,10,4.82963214512503
2007,11,4.82949432108113
2007,12,4.83555046364044
2008,1,4.84147583614108
2008,2,4.84166535727808
2008,3,4.84499538984566
2008,4,4.84881354027021
2008,5,4.84993091757898
2008,6,4.8494900392553
2008,7,4.84865755595584
2008,8,4.84979422244375
2008,9,4.8478950390734
2008,10,4.84878321291426
2008,11,4.84941272600315
2008,12,4.84885167837364
2009,1,4.84931536912547
2009,2,4.8501398113766
2009,3,4.85150532414306
2009,4,4.85876275353238
2009,5,4.86335902169473
2009,6,4.86694297451684
2009,7,4.87228445056978
2009,8,4.88070664465423
2009,9,4.88467782141782
2009,10,4.8891361745343
2009,11,4.8902176813387
2009,12,4.89347013176187
2010,1,4.89517293184867
2010,2,4.89625030207135
2010,3,4.89868539100307
2010,4,4.8996349155569
2010,5,4.90110960180596
2010,6,4.90158555125316
2010,7,4.90310828499962
2010,8,4.9035254892057
2010,9,4.9061870132018
2010,10,4.90856610866792
2010,11,4.91431049991339
2010,12,4.92302589265471
2011,1,4.92753413257733
2011,2,4.93084014519413
2011,3,4.93412078763603
2011,4,4.93645513220332
2011,5,4.9599747620514
2011,6,4.95745253873481
2011,7,4.90337970926257
2011,8,4.86845842937655
2011,9,4.90935092795553
2011,10,4.93849386142436
2011,11,5.07760567678145
2011,12,5.14513874985852
2012,1,5.14430306154849
2012,2,5.0918629058473
2012,3,5.08479138714372
2012,4,5.08838250881031
2012,5,5.09182176012068
2012,6,5.10405220403793
2012,7,5.0986491864317
2012,8,5.0942374074795
2012,9,5.08611270896686
2012,10,5.10719666004476
2012,11,5.19262843062055
2012,12,5.28696045029808
2013,1,5.30926831586748
2013,2,5.30733636525402
2013,3,5.35535278295655
2013,4,5.38298920792784
2013,5,5.41264858181289
2013,6,5.41993788356366
2013,7,5.41668483421839
2013,8,5.42636933637375
2013,9,5.41821606266351
2013,10,5.39975727415143
2013,11,5.39080290000328
2013,12,5.34197795637555
2014,1,5.33124987757173
2014,2,5.32096133395263
2014,3,5.2956599454276
2014,4,5.32858317302117
2014,5,5.38705810683577
2014,6,5.26445167140512
2014,7,5.27262850139579
2014,8,5.2775628312923
2014,9,5.26939064896606
2014,10,5.26564365650361
2014,11,5.25833249564903
2014,12,5.26284039359666
2015,1,5.26563464643004
2015,2,5.26163500091643
2015,3,5.27491973743741
2015,4,5.27505389577518
2015,5,5.268699370737
2015,6,5.27408104468653
2015,7,5.28256199589593
2015,8,5.28139960166418
2015,9,5.29284292471521
2015,10,5.29278141219747
2015,11,5.298842428878
2015,12,5.30194313870371
2016,1,5.30063726584683
2016,2,5.30409772411902
2016,3,5.30474346286416
2016,4,5.30408001738919
2016,5,5.32207679691649
2016,6,5.34147835934071
2016,7,5.43675077005068
2016,8,5.50205522326138
2016,9,5.51353343013841
2016,10,5.5258901838585
2016,11,5.53738082463947
2016,12,5.53873512344797
2017,1,5.53517730453363
2017,2,5.48407242654778
2017,3,5.46678043126237
2017,4,5.46176444659327
2017,5,5.46365891499784
2017,6,5.46247332111198
2017,7,5.45711581727475
2017,8,5.46227348375397
2017,9,5.47224688563022
2017,10,5.46742718658784
2017,11,5.45491727269577
2017,12,5.43732606097962
2018,1,5.41528385437359
2018,2,5.30644169637757
2018,3,5.22071628542782
2018,4,5.18811597755506
2018,5,5.16210756901073
2018,6,5.14605656239646
2018,7,5.14486202636014
2018,8,5.09597816368037
2018,9,5.05526320486228
2018,10,5.05314606068648
2018,11,5.03648853806912
2018,12,4.95716014314278
2019,1,4.8462733061718
2019,2,4.82130222440121
2019,3,4.58908244366992
2019,4,4.45793695626632
2019,5,4.43048790421839
2019,6,4.41554509138977
2019,7,4.41280173439675
2019,8,4.4129431266452
2019,9,4.4176472136234
2019,10,4.43712628990048
2019,11,4.44851128654731
2019,12,4.45756622160251
