Year,Month,Concentration
1986,1,42705.4713297338
1986,2,42705.4713297338
1986,3,42705.4713297338
1986,4,42705.4713297338
1986,5,42705.4713297338
1986,6,42672.7903638363
1986,7,42661.8967085372
1986,8,42500.2334428972
1986,9,42500.2334428972
1986,10,42500.2334428972
1986,11,42500.2334428972
1986,12,42912.59527695
1987,1,42921.0912479643
1987,2,42933.8352044859
1987,3,42985.267349156
1987,4,43100.9915339387
1987,5,43223.8445770343
1987,6,43223.8445770343
1987,7,43259.7225244848
1987,8,43356.5243714112
1987,9,43379.3391459736
1987,10,42954.6646914624
1987,11,42654.5754564973
1987,12,42654.5754564973
1988,1,42613.4009200598
1988,2,42572.2353198032
1988,3,42572.2353198032
1988,4,42614.178627712
1988,5,42478.6065344281
1988,6,42249.4969399705
1988,7,42225.5372730145
1988,8,41008.0630987231
1988,9,39294.3859347903
1988,10,39035.5697790673
1988,11,38223.4746373862
1988,12,35909.2549595364
1989,1,35296.6589466109
1989,2,34880.5745574471
1989,3,34692.6454662028
1989,4,33508.5750601656
1989,5,33351.1639635905
1989,6,32279.0101605941
1989,7,31458.8542959893
1989,8,31216.9642606358
1989,9,31193.2215343566
1989,10,30437.917358656
1989,11,30067.9219190505
1989,12,29883.1178415652
1990,1,29439.0572384632
1990,2,29036.856021793
1990,3,28930.6514224306
1990,4,28681.8210095913
1990,5,28483.2657410626
1990,6,27882.0235103664
1990,7,27105.8218767056
1990,8,26797.0960497033
1990,9,26792.611665119
1990,10,26779.2299212886
1990,11,26847.8100406693
1990,12,26847.8100406693
1991,1,26809.7374624142
1991,2,26878.5089720443
1991,3,26945.5437373025
1991,4,27005.049171978
1991,5,28195.6401001548
1991,6,28451.2072348197
1991,7,28535.3185799399
1991,8,28677.3144855252
1991,9,28633.9670300257
1991,10,28837.5010279707
1991,11,29981.5352175746
1991,12,29965.7675119786
1992,1,30328.2073720309
1992,2,30462.9820039788
1992,3,30446.5646677707
1992,4,30532.4563610624
1992,5,30386.9031207656
1992,6,30368.772592342
1992,7,30021.6676926242
1992,8,29921.8991701663
1992,9,29849.2226179661
1992,10,29695.6718643438
1992,11,27956.3183126982
1992,12,27343.7599218137
1993,1,27279.4547720696
1993,2,26782.9397600888
1993,3,26296.4212382335
1993,4,26296.4212382335
1993,5,26120.4950789053
1993,6,25842.1385830033
1993,7,25794.9098274975
1993,8,25425.9555705708
1993,9,24885.8378658598
1993,10,24758.2713121933
1993,11,24489.2553867424
1993,12,24426.2235155382
1994,1,24060.8834875995
1994,2,23708.0654381445
1994,3,23208.8617729462
1994,4,23038.1986476324
1994,5,22112.0464322326
1994,6,21431.9233724965
1994,7,20084.2019537464
1994,8,19726.7258119502
1994,9,19526.6229659033
1994,10,18218.7885078934
1994,11,17765.103025092
1994,12,17761.618926793
1995,1,17761.618926793
1995,2,17761.618926793
1995,3,17750.7034375809
1995,4,17714.0255039133
1995,5,17683.3880378628
1995,6,17661.9541984255
1995,7,17648.3177456522
1995,8,17645.8583413787
1995,9,17645.1128448064
1995,10,17652.8271216592
1995,11,17652.8271216592
1995,12,17671.4442869964
1996,1,17714.7939213749
1996,2,17711.0652684631
1996,3,17671.3041211205
1996,4,17665.0321359333
1996,5,17664.3071918205
1996,6,17598.0728554905
1996,7,17597.8467088688
1996,8,17566.2532218038
1996,9,17506.3088919829
1996,10,17498.7273411891
1996,11,17502.6983814145
1996,12,17502.6983814145
1997,1,17476.3202098284
1997,2,17413.5575061079
1997,3,17306.0847424737
1997,4,17251.2260517942
1997,5,17251.2260517942
1997,6,17251.2260517942
1997,7,17250.1164508751
1997,8,17172.6343565167
1997,9,17108.126176088
1997,10,17105.3793563493
1997,11,17128.6693333821
1997,12,17149.8630365213
1998,1,17119.1260888586
1998,2,17101.6756086002
1998,3,17070.0492234255
1998,4,17063.762311164
1998,5,17115.7272696048
1998,6,17218.7085568137
1998,7,17089.8798986352
1998,8,16920.6867875376
1998,9,16766.0462338114
1998,10,16455.5480492768
1998,11,16226.5801262727
1998,12,15853.0248513649
1999,1,15681.8212075778
1999,2,15388.2341103052
1999,3,15129.1504973644
1999,4,14958.1278835022
1999,5,14718.7576658916
1999,6,14469.958665329
1999,7,14318.5594695174
1999,8,14212.1413340694
1999,9,14047.5160582286
1999,10,14172.3983290997
1999,11,14093.8656088522
1999,12,13860.1611100285
2000,1,13087.9824177546
2000,2,11883.3096786362
2000,3,11346.6647656967
2000,4,11226.0033201299
2000,5,11104.9264221706
2000,6,10453.6370338099
2000,7,10350.3833940895
2000,8,10343.3236892751
2000,9,10330.7268747826
2000,10,10305.735355238
2000,11,10311.5838756791
2000,12,10313.5001016528
2001,1,10334.2624809512
2001,2,10385.6081029548
2001,3,10365.0704840084
2001,4,10382.4558790071
2001,5,10390.2809734462
2001,6,10443.4143007314
2001,7,10382.9047646974
2001,8,10356.4236590908
2001,9,10382.4229196879
2001,10,10541.6076676078
2001,11,10509.0564970391
2001,12,10487.0105253687
2002,1,10539.0508683886
2002,2,10705.8697588758
2002,3,10986.3079558537
2002,4,11139.781495027
2002,5,11401.9681511292
2002,6,11618.1742128485
2002,7,11737.0245504056
2002,8,11780.6624216738
2002,9,11880.4861706817
2002,10,11932.3925689977
2002,11,11985.9078180209
2002,12,12010.0282446249
2003,1,12171.0871267632
2003,2,12374.3803326089
2003,3,12569.1270670708
2003,4,12594.78341915
2003,5,12840.2716406512
2003,6,13080.4555650912
2003,7,13314.3309689521
2003,8,13547.8787421521
2003,9,13594.6406084221
2003,10,13824.3424001758
2003,11,13910.0057536925
2003,12,14050.2661037956
2004,1,14145.9182665882
2004,2,14189.0068944543
2004,3,14207.241032058
2004,4,14281.3417302422
2004,5,14337.159023914
2004,6,14361.4568796627
2004,7,14454.920235613
2004,8,14535.7189607069
2004,9,14535.7189607069
2004,10,14513.3819126639
2004,11,14426.679968843
2004,12,14412.5962448113
2005,1,14432.0690822623
2005,2,14460.6577375529
2005,3,14677.586066208
2005,4,15266.6485575037
2005,5,15629.9810266486
2005,6,16190.7372098106
2005,7,16738.4446704214
2005,8,17153.8670911635
2005,9,17561.963256008
2005,10,17620.0651192286
2005,11,17649.1448636106
2005,12,17664.0587153633
2006,1,17681.4993689886
2006,2,17695.2115596757
2006,3,18133.9935403552
2006,4,18436.9709941481
2006,5,18618.0552670482
2006,6,18754.1162222233
2006,7,18845.7947136306
2006,8,18888.636511716
2006,9,19081.6057101759
2006,10,19203.264225489
2006,11,19243.3437105979
2006,12,19247.480910038
2007,1,19254.6272792714
2007,2,19359.3612771739
2007,3,19432.8023829716
2007,4,19522.5947984956
2007,5,19585.1032409545
2007,6,19610.2158725408
2007,7,19617.0010216489
2007,8,19604.054038932
2007,9,19584.6951815781
2007,10,19558.8698162509
2007,11,19457.7123487259
2007,12,19344.6049181837
2008,1,19293.3840597766
2008,2,19281.2368629486
2008,3,19285.4994098662
2008,4,19330.0400817195
2008,5,19357.0291299031
2008,6,19362.1194657019
2008,7,19374.1756815647
2008,8,19416.2304845341
2008,9,19411.3470154182
2008,10,19403.1337070557
2008,11,19390.6281515198
2008,12,19406.4301485307
2009,1,19458.0986520337
2009,2,19464.7164965846
2009,3,19470.9009623198
2009,4,19490.9458026039
2009,5,19498.7038626753
2009,6,19509.5030120598
2009,7,19535.3329985425
2009,8,19537.2545007688
2009,9,19534.9171905006
2009,10,19527.9052596959
2009,11,19473.7985815269
2009,12,19323.4944085594
2010,1,18991.7597380848
2010,2,18839.3037186028
2010,3,18792.0149136027
2010,4,18778.055877634
2010,5,18757.1393601041
2010,6,18734.1727224426
2010,7,18735.6154453965
2010,8,18679.2806566232
2010,9,18631.0270125291
2010,10,18593.8514709884
2010,11,18399.4942353061
2010,12,18323.2840726091
2011,1,18318.2177403399
2011,2,18309.5101323812
2011,3,18305.8642370099
2011,4,18317.5443486485
2011,5,18317.5443486485
2011,6,18322.9414111042
2011,7,18254.5258302316
2011,8,18266.7929785144
2011,9,18326.7637415806
2011,10,18528.1237615868
2011,11,18541.0245297435
2011,12,18507.5023394658
2012,1,18475.4273092215
2012,2,18474.3009179335
2012,3,18479.751191579
2012,4,18515.3006024972
2012,5,18513.6035600792
2012,6,18516.7248969596
2012,7,18495.2122541156
2012,8,18242.1674898476
2012,9,18085.2163816497
2012,10,18085.2163816497
2012,11,17829.676028283
2012,12,17816.5411055726
2013,1,17799.8038822136
2013,2,17791.1596642634
2013,3,17791.8608863363
2013,4,17795.3128965468
2013,5,17763.0779779582
2013,6,17710.2580416595
2013,7,17720.4611136361
2013,8,17743.9707921132
2013,9,17743.9707921132
2013,10,17709.0892003478
2013,11,17672.5668192853
2013,12,17654.9661485003
2014,1,17620.6438329671
2014,2,17596.6122248933
2014,3,17595.60762089
2014,4,17578.981287845
2014,5,17565.7525400469
2014,6,17479.0083150407
2014,7,17348.5549711025
2014,8,17280.9379600126
2014,9,17264.7144630746
2014,10,17183.217150152
2014,11,17151.1231460842
2014,12,17004.5093885783
2015,1,16542.6484956052
2015,2,16413.4474841065
2015,3,16337.0042045161
2015,4,16314.5129572898
2015,5,16317.422219392
2015,6,16317.422219392
2015,7,16318.4473414351
2015,8,16319.1307561306
2015,9,16319.1307561306
2015,10,16319.1307561306
2015,11,16319.1307561306
2015,12,16319.1307561306
