Year,Month,Concentration
1986,1,0
1986,2,0
1986,3,0
1986,4,0
1986,5,0
1986,6,0
1986,7,0
1986,8,0
1986,9,0
1986,10,0
1986,11,0
1986,12,0
1987,1,0
1987,2,0
1987,3,0
1987,4,0
1987,5,0
1987,6,0
1987,7,0
1987,8,0
1987,9,0
1987,10,0
1987,11,0
1987,12,0
1988,1,0
1988,2,0
1988,3,0
1988,4,0
1988,5,0
1988,6,0
1988,7,0
1988,8,0
1988,9,0
1988,10,0
1988,11,0
1988,12,0
1989,1,0
1989,2,0
1989,3,0
1989,4,0
1989,5,0
1989,6,0
1989,7,0
1989,8,0
1989,9,0
1989,10,0
1989,11,0
1989,12,0
1990,1,0
1990,2,0
1990,3,0
1990,4,0
1990,5,0
1990,6,0
1990,7,0
1990,8,0
1990,9,0
1990,10,0
1990,11,0
1990,12,0
1991,1,0
1991,2,0
1991,3,0
1991,4,0
1991,5,0
1991,6,0
1991,7,0
1991,8,0
1991,9,0
1991,10,0
1991,11,0
1991,12,0
1992,1,0
1992,2,0
1992,3,0
1992,4,0
1992,5,0
1992,6,0
1992,7,0
1992,8,0
1992,9,0
1992,10,0
1992,11,0
1992,12,0
1993,1,0
1993,2,0
1993,3,0
1993,4,0
1993,5,0
1993,6,0
1993,7,0
1993,8,0
1993,9,0
1993,10,0
1993,11,0
1993,12,0
1994,1,0
1994,2,0
1994,3,0
1994,4,0
1994,5,0
1994,6,0
1994,7,0
1994,8,0
1994,9,0
1994,10,0
1994,11,0
1994,12,0
1995,1,0
1995,2,0
1995,3,0
1995,4,0
1995,5,0
1995,6,0
1995,7,0
1995,8,0
1995,9,0
1995,10,0
1995,11,0
1995,12,0
1996,1,0
1996,2,0
1996,3,0
1996,4,0
1996,5,0
1996,6,0
1996,7,0
1996,8,0
1996,9,0
1996,10,0
1996,11,0
1996,12,0
1997,1,0
1997,2,0
1997,3,0
1997,4,0
1997,5,0
1997,6,0
1997,7,0
1997,8,0
1997,9,0
1997,10,0
1997,11,0
1997,12,0
1998,1,0
1998,2,0
1998,3,0
1998,4,0
1998,5,0
1998,6,0
1998,7,0
1998,8,0
1998,9,0
1998,10,0
1998,11,0
1998,12,0
1999,1,0
1999,2,0
1999,3,0
1999,4,0
1999,5,0
1999,6,0
1999,7,0
1999,8,0
1999,9,0
1999,10,0
1999,11,0
1999,12,0
2000,1,0
2000,2,0
2000,3,0
2000,4,0
2000,5,0
2000,6,0
2000,7,0
2000,8,0
2000,9,0
2000,10,0
2000,11,0
2000,12,0
2001,1,0
2001,2,0
2001,3,0
2001,4,0
2001,5,0
2001,6,0
2001,7,0
2001,8,0
2001,9,0
2001,10,0
2001,11,0
2001,12,0
2002,1,0
2002,2,0
2002,3,0
2002,4,0
2002,5,0
2002,6,0
2002,7,0
2002,8,0
2002,9,0
2002,10,0
2002,11,0
2002,12,0
2003,1,0
2003,2,0
2003,3,0
2003,4,0
2003,5,0
2003,6,0
2003,7,0
2003,8,0
2003,9,0
2003,10,0
2003,11,0
2003,12,0
2004,1,0
2004,2,0
2004,3,0
2004,4,0
2004,5,0
2004,6,0
2004,7,0
2004,8,0
2004,9,0
2004,10,0
2004,11,0
2004,12,0
2005,1,0
2005,2,0
2005,3,0
2005,4,0
2005,5,0
2005,6,0
2005,7,0
2005,8,0
2005,9,0
2005,10,0
2005,11,0
2005,12,0
2006,1,0
2006,2,0
2006,3,0
2006,4,0
2006,5,0
2006,6,0
2006,7,0
2006,8,0
2006,9,0
2006,10,0
2006,11,0
2006,12,0
2007,1,0
2007,2,0
2007,3,0
2007,4,0
2007,5,0
2007,6,0
2007,7,0
2007,8,0
2007,9,0
2007,10,0
2007,11,0
2007,12,0
2008,1,0
2008,2,0
2008,3,0
2008,4,0
2008,5,0
2008,6,0
2008,7,0
2008,8,0
2008,9,0
2008,10,0
2008,11,0
2008,12,0
2009,1,0
2009,2,0
2009,3,0
2009,4,0
2009,5,0
2009,6,0
2009,7,0
2009,8,0
2009,9,0
2009,10,0
2009,11,0
2009,12,0
2010,1,0
2010,2,0
2010,3,0
2010,4,0
2010,5,0
2010,6,0
2010,7,0
2010,8,0
2010,9,0
2010,10,0
2010,11,0
2010,12,0
2011,1,0
2011,2,0
2011,3,0
2011,4,0
2011,5,0
2011,6,0
2011,7,0
2011,8,0
2011,9,0
2011,10,0
2011,11,0
2011,12,0
2012,1,0
2012,2,0
2012,3,0
2012,4,0
2012,5,0
2012,6,0
2012,7,0
2012,8,0
2012,9,2.97725248164014
2012,10,2.95474806580455
2012,11,2.95359664654156
2012,12,2.95748801361586
2013,1,2.95141195693799
2013,2,2.90718041278488
2013,3,2.89299722625445
2013,4,2.89145645979859
2013,5,2.88600194570971
2013,6,2.90280012261101
2013,7,2.90712313985211
2013,8,2.89580909924148
2013,9,2.88566529664784
2013,10,2.88826539319897
2013,11,2.89871784597428
2013,12,2.90117985385
2014,1,2.91255504424169
2014,2,2.90787612160802
2014,3,2.9108677872087
2014,4,2.90848918998338
2014,5,2.90420622468061
2014,6,2.90379254985087
2014,7,2.90670066480056
2014,8,2.91078442136929
2014,9,2.91523392997417
2014,10,2.92079812007786
2014,11,2.93220802432778
2014,12,2.9486354331884
2015,1,2.9343204963588
2015,2,2.93783353953341
2015,3,2.94900144466072
2015,4,2.95127582767625
2015,5,2.94905769604321
2015,6,2.96114930767528
2015,7,2.98102647031846
2015,8,3.00957203344462
2015,9,3.04775575086874
2015,10,3.0660667885046
2015,11,3.08119483457116
2015,12,3.08520942244382
2016,1,3.12113812651354
2016,2,3.16695526458629
2016,3,3.2387932973025
2016,4,3.40892370599563
2016,5,3.48108626155925
2016,6,3.52754353232182
2016,7,3.61623297284893
2016,8,3.68322522539237
2016,9,3.73156291368896
2016,10,3.74091277601224
2016,11,3.74386686718583
2016,12,3.76432448390523
2017,1,3.78064830328277
2017,2,3.83815473823326
2017,3,3.87363802927228
2017,4,3.91027350240365
2017,5,4.18476680538868
2017,6,4.20263068763529
2017,7,4.23127791839537
2017,8,4.33451165894588
2017,9,4.43638195117014
2017,10,4.48700606489279
2017,11,4.52406316076756
2017,12,4.53775597163923
2018,1,4.55426031433121
2018,2,4.58615844955899
2018,3,4.59918120341259
2018,4,4.61046025519125
2018,5,4.60825341801195
2018,6,4.60416702044235
2018,7,4.60031784866741
2018,8,4.61419634796145
2018,9,4.62009748922071
2018,10,4.63818694137582
2018,11,4.63484538346347
2018,12,4.61662075868588
2019,1,4.5929818603014
2019,2,4.56280523298168
2019,3,4.53905356347638
2019,4,4.53281128280923
2019,5,4.53629370441986
2019,6,4.38387065648868
2019,7,4.30729676127265
2019,8,4.24742455650205
2019,9,4.24282847481703
2019,10,4.24609493514496
2019,11,4.24885789393596
2019,12,4.25311680486906
