Year,Month,Concentration
1986,1,31.8750853375755
1986,2,31.8768851265481
1986,3,31.8791338446741
1986,4,31.885879999052
1986,5,31.8853324751986
1986,6,31.8845111894185
1986,7,31.8845111894185
1986,8,31.8845111894185
1986,9,31.8845111894185
1986,10,31.8845111894185
1986,11,31.8845111894185
1986,12,31.8849169175204
1987,1,31.8861341018264
1987,2,31.8833308709021
1987,3,31.8730214898488
1987,4,31.8557414050764
1987,5,31.7803913467667
1987,6,31.7803913467667
1987,7,31.7731105615947
1987,8,31.7439874209068
1987,9,31.775969418396
1987,10,31.7866300842258
1987,11,31.7866300842258
1987,12,31.7866300842258
1988,1,31.7313923397403
1988,2,31.69456717675
1988,3,31.69456717675
1988,4,31.744717719377
1988,5,31.76872184951
1988,6,31.7592922845584
1988,7,31.7592922845584
1988,8,31.751191173179
1988,9,31.7430900617997
1988,10,31.7430900617997
1988,11,31.7430900617997
1988,12,31.5889165848798
1989,1,31.4852675939683
1989,2,31.4852675939683
1989,3,31.4852675939683
1989,4,31.3858314208684
1989,5,31.3858314208684
1989,6,31.3858314208684
1989,7,31.3595337632389
1989,8,31.3897146407216
1989,9,31.3846577221672
1989,10,31.3535742342357
1989,11,31.1961309393114
1989,12,31.1961309393114
1990,1,31.1171609528615
1990,2,31.1448244392514
1990,3,31.1448244392514
1990,4,31.075942604926
1990,5,30.915735203604
1990,6,30.915735203604
1990,7,30.9126206803985
1990,8,30.8062185236187
1990,9,30.8094996360424
1990,10,30.75380971666
1990,11,30.487993958154
1990,12,30.4527993859145
1991,1,30.3678395647842
1991,2,30.0947241102271
1991,3,30.0784845068547
1991,4,30.0689599549421
1991,5,29.965843067243
1991,6,29.9455106891297
1991,7,29.926119846299
1991,8,29.542654913064
1991,9,29.3019978576814
1991,10,29.2851218395475
1991,11,29.0924756841562
1991,12,29.044420622365
1992,1,28.8749840787234
1992,2,28.117035346999
1992,3,28.0618539481744
1992,4,27.9309606078278
1992,5,27.6482401872027
1992,6,27.6422334141191
1992,7,27.6286712006436
1992,8,27.48153264198
1992,9,27.4227154641665
1992,10,27.3974036266232
1992,11,27.339622216976
1992,12,27.3345357692203
1993,1,27.3345357692203
1993,2,27.200370754155
1993,3,27.1874778175526
1993,4,27.2020624027095
1993,5,27.2017783940129
1993,6,27.1177287297308
1993,7,27.0875649442992
1993,8,27.0385891044555
1993,9,26.869857304857
1993,10,26.8695575304981
1993,11,26.8682070501703
1993,12,26.8860035103402
1994,1,26.8636886054072
1994,2,26.8114037068396
1994,3,26.7806636849858
1994,4,26.7495662626624
1994,5,26.7481366607838
1994,6,26.7481366607838
1994,7,26.7481366607838
1994,8,26.7481366607838
1994,9,26.734523344399
1994,10,26.7016371159017
1994,11,26.7473474075685
1994,12,26.7560046885807
1995,1,26.7543275480281
1995,2,26.7543275480281
1995,3,26.7076301725887
1995,4,26.9371476495235
1995,5,27.9373272992191
1995,6,28.0054118095304
1995,7,28.0138441749298
1995,8,28.0296971391224
1995,9,28.0434967964886
1995,10,28.1215258381444
1995,11,28.1836891421953
1995,12,28.2905214921502
1996,1,28.4304359640955
1996,2,28.4905200585956
1996,3,28.5832525521791
1996,4,28.6127027490993
1996,5,28.596326846168
1996,6,28.5677905142188
1996,7,28.5263920925655
1996,8,28.5748312574257
1996,9,28.6455656384895
1996,10,28.6334672366292
1996,11,28.560272895354
1996,12,28.6994706413928
1997,1,28.767811326185
1997,2,28.7110204012158
1997,3,28.7349182891974
1997,4,28.7039154699736
1997,5,28.7405285739687
1997,6,28.8872781069596
1997,7,28.9026701617121
1997,8,28.9562156789093
1997,9,28.7307590732852
1997,10,28.2628884048711
1997,11,27.3238538403932
1997,12,26.8914055111328
1998,1,26.7459393860347
1998,2,26.6291275460322
1998,3,26.6212737131291
1998,4,26.6357435772781
1998,5,26.6964226826834
1998,6,26.7592225889678
1998,7,26.8300981586181
1998,8,26.9109054178868
1998,9,27.1936836592331
1998,10,27.5824827470824
1998,11,27.9734958818278
1998,12,28.5959160308886
1999,1,29.0283592894296
1999,2,30.107348332603
1999,3,31.2325720408819
1999,4,32.2922907176307
1999,5,32.3710106436651
1999,6,32.6095865104374
1999,7,32.5417572932659
1999,8,32.4533552691256
1999,9,32.8227458730724
1999,10,33.5671517482963
1999,11,33.612729695117
1999,12,34.2306887787644
2000,1,35.3569401532444
2000,2,35.9874261491733
2000,3,36.721717241138
2000,4,37.1079523576371
2000,5,37.3222132826249
2000,6,37.4011470494338
2000,7,37.7947106329694
2000,8,37.9853203868054
2000,9,38.0008367438813
2000,10,38.6114506377006
2000,11,39.6211069570624
2000,12,40.5584512738261
2001,1,43.0496959734432
2001,2,45.795120353399
2001,3,47.2983746210343
2001,4,47.371023039109
2001,5,47.7191723671836
2001,6,48.7371145131766
2001,7,49.1391162439702
2001,8,47.8694078180668
2001,9,47.669283365389
2001,10,47.9289979734418
2001,11,50.952146887634
2001,12,52.3823735582709
2002,1,53.0683752547109
2002,2,53.6152847775522
2002,3,53.5645370741237
2002,4,53.7725329615773
2002,5,53.8449085742
2002,6,53.9618765975034
2002,7,53.9097121114696
2002,8,53.6873385133863
2002,9,53.6399039434941
2002,10,53.779260262402
2002,11,53.6946775900508
2002,12,53.7015824570366
2003,1,53.6642363487252
2003,2,53.2622587346814
2003,3,53.0293432235176
2003,4,52.4899634839564
2003,5,52.2845903948601
2003,6,52.0937283151208
2003,7,52.0284366532051
2003,8,51.8942772858838
2003,9,51.6973560269821
2003,10,51.4256992912289
2003,11,51.0581403934272
2003,12,50.5808919580813
2004,1,50.3951025967139
2004,2,50.3517205267194
2004,3,50.2179994247559
2004,4,50.0273226451274
2004,5,49.9171290294747
2004,6,49.4716617244069
2004,7,48.8293939083998
2004,8,48.3976610873086
2004,9,48.3062068726026
2004,10,48.0218654247907
2004,11,47.7702269866411
2004,12,47.6015394031322
2005,1,47.3634658560768
2005,2,47.2977976855049
2005,3,47.1836968208821
2005,4,46.9546104605114
2005,5,46.5811939614922
2005,6,46.5016935464765
2005,7,44.9617638927235
2005,8,43.8805015157607
2005,9,43.5665744898529
2005,10,43.0149777675061
2005,11,42.7328769268087
2005,12,42.5711619556821
2006,1,42.3548415621007
2006,2,42.0060623275941
2006,3,41.9325838037559
2006,4,41.6555649421735
2006,5,40.74309571731
2006,6,40.6182006525757
2006,7,40.0970958481015
2006,8,38.9924835977115
2006,9,38.7111997412641
2006,10,37.7610617092619
2006,11,35.7321699470863
2006,12,35.0701254816441
2007,1,34.8199270111832
2007,2,33.5927057958033
2007,3,33.2462120654837
2007,4,32.1980752296958
2007,5,31.7516182019266
2007,6,31.5644906435866
2007,7,31.3689351654436
2007,8,30.8627438830967
2007,9,30.5589609811248
2007,10,30.3785749035989
2007,11,30.1891387981626
2007,12,30.1500750216841
2008,1,30.140664208885
2008,2,30.1128622258764
2008,3,30.0940456464855
2008,4,29.8439098378092
2008,5,29.8556659321792
2008,6,29.7245759934911
2008,7,29.6537280724293
2008,8,29.5869185869665
2008,9,29.546879919787
2008,10,29.2848361727641
2008,11,29.0556665719032
2008,12,28.9903044136573
2009,1,28.9061419587433
2009,2,28.7032512110921
2009,3,28.5630449300764
2009,4,28.3346404779063
2009,5,27.9702658769933
2009,6,27.8686760037175
2009,7,27.775262254588
2009,8,27.6349733673354
2009,9,27.4702271748288
2009,10,27.3358669090943
2009,11,27.1800177661428
2009,12,27.1332573002363
2010,1,27.1416446328976
2010,2,26.9581401265874
2010,3,26.8417411341567
2010,4,26.8098449745319
2010,5,26.7323779446174
2010,6,26.5889201050041
2010,7,26.2341076633081
2010,8,25.9980186891981
2010,9,25.93452075355
2010,10,25.8460431689743
2010,11,25.7820158922928
2010,12,25.7909842689474
2011,1,25.6855253404509
2011,2,25.6169456465784
2011,3,25.509835170199
2011,4,25.2121830834981
2011,5,24.7894906504103
2011,6,24.6969474299025
2011,7,24.4803764611364
2011,8,24.3760218910499
2011,9,24.337925128249
2011,10,24.1709450237236
2011,11,24.0008926166392
2011,12,23.8975276849948
2012,1,23.6620741550358
2012,2,23.5751551072139
2012,3,23.5135559790627
2012,4,23.438602203344
2012,5,23.3816468122862
2012,6,23.2572369634641
2012,7,23.1974012893145
2012,8,23.0950668053414
2012,9,22.9495617527772
2012,10,22.8676815236433
2012,11,22.6778912936829
2012,12,22.6161689928982
2013,1,22.5970617667967
2013,2,22.30684349827
2013,3,21.8751043426986
2013,4,21.7570580616078
2013,5,21.3203390666068
2013,6,21.0348084225179
2013,7,20.9850166842865
2013,8,20.4930251084972
2013,9,20.1648456405289
2013,10,20.0667051218287
2013,11,19.6713293588587
2013,12,19.6171998510063
2014,1,19.5924702761894
2014,2,19.4462651783418
2014,3,19.3908181276706
2014,4,19.2442345203266
2014,5,19.1861969837268
2014,6,19.1562946701191
2014,7,19.1498982238057
2014,8,19.0846261049368
2014,9,19.0509797043493
2014,10,19.028662261148
2014,11,18.9500663221507
2014,12,18.9682585648188
2015,1,18.9632437483575
2015,2,18.9597509259143
2015,3,18.9496549621437
2015,4,18.9452973864911
2015,5,18.897761482366
2015,6,18.8737333987271
2015,7,18.8615976589528
2015,8,18.8445644352713
2015,9,18.8381128060676
2015,10,18.8346874402772
2015,11,18.7945054870438
2015,12,18.7701627796199
