Year,Month,Concentration
1986,1,0
1986,2,0
1986,3,0
1986,4,0
1986,5,0
1986,6,0
1986,7,0
1986,8,0
1986,9,0
1986,10,0
1986,11,0
1986,12,0
1987,1,0
1987,2,0
1987,3,0
1987,4,0
1987,5,0
1987,6,0
1987,7,0
1987,8,0
1987,9,0
1987,10,0
1987,11,0
1987,12,0
1988,1,0
1988,2,0
1988,3,0
1988,4,0
1988,5,0
1988,6,0
1988,7,0
1988,8,0
1988,9,0
1988,10,0
1988,11,0
1988,12,0
1989,1,0
1989,2,0
1989,3,0
1989,4,0
1989,5,0
1989,6,0
1989,7,0
1989,8,0
1989,9,0
1989,10,0
1989,11,0
1989,12,0
1990,1,0
1990,2,0
1990,3,0
1990,4,0
1990,5,0
1990,6,0
1990,7,0
1990,8,0
1990,9,0
1990,10,0
1990,11,0
1990,12,0
1991,1,0
1991,2,0
1991,3,0
1991,4,0
1991,5,0
1991,6,0
1991,7,0
1991,8,0
1991,9,0
1991,10,0
1991,11,0
1991,12,0
1992,1,0
1992,2,0
1992,3,0
1992,4,0
1992,5,0
1992,6,0
1992,7,0
1992,8,0
1992,9,0
1992,10,0
1992,11,0
1992,12,0
1993,1,0
1993,2,0
1993,3,0
1993,4,0
1993,5,0
1993,6,0
1993,7,0
1993,8,0
1993,9,0
1993,10,0
1993,11,0
1993,12,0
1994,1,0
1994,2,0
1994,3,0
1994,4,0
1994,5,0
1994,6,0
1994,7,0
1994,8,0
1994,9,0
1994,10,0
1994,11,0
1994,12,0
1995,1,0
1995,2,0
1995,3,0
1995,4,0
1995,5,0
1995,6,0
1995,7,0
1995,8,0
1995,9,0
1995,10,0
1995,11,0
1995,12,0
1996,1,0
1996,2,0
1996,3,0
1996,4,0
1996,5,0
1996,6,0
1996,7,0
1996,8,0
1996,9,0
1996,10,0
1996,11,0
1996,12,0
1997,1,0
1997,2,0
1997,3,0
1997,4,0
1997,5,0
1997,6,0
1997,7,0
1997,8,0
1997,9,0
1997,10,0
1997,11,0
1997,12,0
1998,1,0
1998,2,0
1998,3,0
1998,4,0
1998,5,0
1998,6,0
1998,7,0
1998,8,0
1998,9,0
1998,10,0
1998,11,0
1998,12,0
1999,1,0
1999,2,0
1999,3,0
1999,4,0
1999,5,0
1999,6,0
1999,7,0
1999,8,0
1999,9,0
1999,10,0
1999,11,0
1999,12,0
2000,1,0
2000,2,0
2000,3,0
2000,4,0
2000,5,0
2000,6,0
2000,7,0
2000,8,0
2000,9,0
2000,10,0
2000,11,0
2000,12,0
2001,1,0
2001,2,0
2001,3,0
2001,4,0
2001,5,0
2001,6,0
2001,7,0
2001,8,0
2001,9,0
2001,10,0
2001,11,0
2001,12,0
2002,1,0
2002,2,0
2002,3,0
2002,4,0
2002,5,0
2002,6,0
2002,7,0
2002,8,0
2002,9,0
2002,10,0
2002,11,0
2002,12,0
2003,1,0
2003,2,0
2003,3,0
2003,4,0
2003,5,0
2003,6,0
2003,7,0
2003,8,0
2003,9,0
2003,10,0
2003,11,0
2003,12,0
2004,1,0
2004,2,0
2004,3,0
2004,4,0
2004,5,0
2004,6,0
2004,7,0
2004,8,0
2004,9,0
2004,10,0
2004,11,0
2004,12,0
2005,1,0
2005,2,0
2005,3,0
2005,4,0
2005,5,0
2005,6,0
2005,7,0
2005,8,0
2005,9,0
2005,10,0
2005,11,0
2005,12,0
2006,1,0.478456892214253
2006,2,1.90386863377239
2006,3,1.90054898874418
2006,4,1.87972121357014
2006,5,1.85880361807768
2006,6,1.85534746971193
2006,7,1.85443322429758
2006,8,1.85379926806182
2006,9,1.85901056504663
2006,10,1.85426207919607
2006,11,1.8439487977293
2006,12,1.84123928710217
2007,1,1.8323963332257
2007,2,1.8274172758411
2007,3,1.82096551460221
2007,4,1.80784481411789
2007,5,1.80389426295435
2007,6,1.80123061109674
2007,7,1.81867922463781
2007,8,1.8186713898877
2007,9,1.83021905399204
2007,10,1.83519182898673
2007,11,1.83818204297696
2007,12,1.8447927713303
2008,1,1.8446219713588
2008,2,1.84334525657572
2008,3,1.83913011522948
2008,4,1.83581619071195
2008,5,1.83488969555994
2008,6,1.8362306101769
2008,7,1.83711332417921
2008,8,1.83906193342351
2008,9,1.84091965027759
2008,10,1.84127313137895
2008,11,1.84176915568833
2008,12,1.84601495430494
2009,1,1.84284927866396
2009,2,1.8386498381193
2009,3,1.84007456258639
2009,4,1.84054947074208
2009,5,1.84054947074208
2009,6,1.84054947074208
2009,7,1.83954397719815
2009,8,1.8395486599861
2009,9,1.83945809688183
2009,10,1.84073337201887
2009,11,1.84222992786563
2009,12,1.84222992786563
2010,1,1.84347116205595
2010,2,1.84643087833394
2010,3,1.84861952742142
2010,4,1.84861952742142
2010,5,1.84861952742142
2010,6,1.84879936004383
2010,7,1.85018980243853
2010,8,1.86368121860037
2010,9,1.86839796679579
2010,10,1.86850806287014
2010,11,1.86999469114922
2010,12,1.86944634638527
2011,1,1.87044874429908
2011,2,1.87337117375084
2011,3,1.87409642636412
2011,4,1.87654533000359
2011,5,1.87917178179964
2011,6,1.88125020647149
2011,7,1.88139943885254
2011,8,1.88109542075667
2011,9,1.88201063067671
2011,10,1.87861201407783
2011,11,1.87755310627583
2011,12,1.8760953888438
2012,1,1.87858645936227
2012,2,1.87968469642096
2012,3,1.87808172568108
2012,4,1.87576481606254
2012,5,1.87322762972945
2012,6,1.86704335491405
2012,7,1.85890166610473
2012,8,1.85898681081348
2012,9,1.87555300281771
2012,10,1.88970508915527
2012,11,1.89807132907728
2012,12,1.90124928134459
2013,1,1.90374899433999
2013,2,1.9060314701902
2013,3,1.9072320175243
2013,4,1.91274561174878
2013,5,1.91663793636911
2013,6,1.91759312164708
2013,7,1.91703580708837
2013,8,1.91240625540224
2013,9,1.90806489878544
2013,10,1.90437415743315
2013,11,1.90461710671689
2013,12,1.902503027468
2014,1,1.9015770994476
2014,2,1.90219406159544
2014,3,1.9010148731725
2014,4,1.90047762965586
2014,5,1.89668543107109
2014,6,1.89638053326974
2014,7,1.89581766356238
2014,8,1.88626569695319
2014,9,1.86625736431095
2014,10,1.83036934874262
2014,11,1.79783515009901
2014,12,1.77134507825102
2015,1,1.74501432870324
2015,2,1.73762927007388
2015,3,1.73771908295772
2015,4,1.73294092767512
2015,5,1.72823159429748
2015,6,1.73251222347872
2015,7,1.73831343966831
2015,8,1.73567299228334
2015,9,1.7300552023328
2015,10,1.71677075273475
2015,11,1.71627096789388
2015,12,1.73332675548815
2016,1,1.75224493435416
2016,2,1.76512421507268
2016,3,1.76261423736874
2016,4,1.76584606177504
2016,5,1.76595204036077
2016,6,1.76399437989343
2016,7,1.7591846030128
2016,8,1.75977448542822
2016,9,1.75749899074075
2016,10,1.76199937457497
2016,11,1.76506000795707
2016,12,1.76269412000387
2017,1,1.75830403753369
2017,2,1.75765554230722
2017,3,1.75730070183951
2017,4,1.75847654593308
2017,5,1.76055178431187
2017,6,1.76205403297626
2017,7,1.76313463407807
2017,8,1.76376076705188
2017,9,1.76319631530211
2017,10,1.76328693891168
2017,11,1.76320251209738
2017,12,1.76387401810918
2018,1,1.76561092853252
2018,2,1.76928180755328
2018,3,1.77077908857605
2018,4,1.77627928920787
2018,5,1.78746820956094
2018,6,1.78850863338755
2018,7,1.78920816585531
2018,8,1.78839635252199
2018,9,1.78786238373822
2018,10,1.78751776527314
2018,11,1.78859178611367
2018,12,1.78783013897127
2019,1,1.78535518028277
2019,2,1.78340093341784
2019,3,1.78313358722933
2019,4,1.77963989014407
2019,5,1.78069626768313
2019,6,1.77962169876266
2019,7,1.7788530139219
2019,8,1.77922872656013
2019,9,1.7802802424236
2019,10,1.78188210556445
2019,11,1.78255445781726
2019,12,1.78412518089536
