Year,Month,Concentration
1986,1,0
1986,2,0
1986,3,0
1986,4,0
1986,5,0
1986,6,0
1986,7,0
1986,8,0
1986,9,0
1986,10,0
1986,11,0
1986,12,0
1987,1,0
1987,2,0
1987,3,0
1987,4,0
1987,5,0
1987,6,0
1987,7,0
1987,8,0
1987,9,0
1987,10,0
1987,11,0
1987,12,0
1988,1,0
1988,2,0
1988,3,0
1988,4,0
1988,5,0
1988,6,0
1988,7,0
1988,8,0
1988,9,0
1988,10,0
1988,11,0
1988,12,0
1989,1,0
1989,2,0
1989,3,0
1989,4,0
1989,5,0
1989,6,0
1989,7,0
1989,8,0
1989,9,0
1989,10,0
1989,11,0
1989,12,0
1990,1,0
1990,2,0
1990,3,0
1990,4,0
1990,5,0
1990,6,0
1990,7,0
1990,8,0
1990,9,0
1990,10,0
1990,11,0
1990,12,0
1991,1,0
1991,2,0
1991,3,0
1991,4,0
1991,5,0
1991,6,0
1991,7,0
1991,8,0
1991,9,0
1991,10,0
1991,11,0
1991,12,0
1992,1,0
1992,2,0
1992,3,0
1992,4,0
1992,5,0
1992,6,0
1992,7,0
1992,8,0
1992,9,0
1992,10,0
1992,11,0
1992,12,0
1993,1,0
1993,2,0
1993,3,0
1993,4,0
1993,5,0
1993,6,0
1993,7,0
1993,8,0
1993,9,0
1993,10,0
1993,11,0
1993,12,0
1994,1,0
1994,2,0
1994,3,0
1994,4,0
1994,5,0
1994,6,0
1994,7,0
1994,8,0
1994,9,0
1994,10,0
1994,11,0
1994,12,0
1995,1,0
1995,2,0
1995,3,0
1995,4,0
1995,5,0
1995,6,0
1995,7,0
1995,8,0
1995,9,0
1995,10,0
1995,11,0
1995,12,0
1996,1,0
1996,2,0
1996,3,0
1996,4,0
1996,5,0
1996,6,0
1996,7,0
1996,8,0
1996,9,0
1996,10,0
1996,11,0
1996,12,0
1997,1,0
1997,2,0
1997,3,0
1997,4,0
1997,5,0
1997,6,0
1997,7,0
1997,8,0
1997,9,0
1997,10,0
1997,11,0
1997,12,0
1998,1,0
1998,2,0
1998,3,0
1998,4,0
1998,5,0
1998,6,0
1998,7,0
1998,8,0
1998,9,0
1998,10,0
1998,11,0
1998,12,0
1999,1,0
1999,2,0
1999,3,0
1999,4,0
1999,5,0
1999,6,0
1999,7,0
1999,8,0
1999,9,0
1999,10,0
1999,11,0
1999,12,0
2000,1,0
2000,2,0
2000,3,0
2000,4,0
2000,5,0
2000,6,0
2000,7,0
2000,8,0
2000,9,0
2000,10,0
2000,11,0
2000,12,0
2001,1,0
2001,2,0
2001,3,0
2001,4,0
2001,5,0
2001,6,0
2001,7,0
2001,8,0
2001,9,0
2001,10,0
2001,11,0
2001,12,0
2002,1,0
2002,2,0
2002,3,0
2002,4,7.82507627064837
2002,5,25.2431094560559
2002,6,23.7090038148283
2002,7,31.7026491318005
2002,8,6.30689444654363
2002,9,0
2002,10,0
2002,11,0
2002,12,0
2003,1,12.7103215758256
2003,2,31.9110825291306
2003,3,31.9948017234266
2003,4,31.9683136816641
2003,5,31.9468456084308
2003,6,31.9587213472042
2003,7,31.9427118695108
2003,8,31.8663872494314
2003,9,31.9137766906371
2003,10,31.913799608007
2003,11,31.9610985612477
2003,12,32.0708784445143
2004,1,32.0840756365792
2004,2,32.0325970667662
2004,3,32.0495291579597
2004,4,32.0272091803669
2004,5,32.0646813985229
2004,6,32.2026675853624
2004,7,32.2251679200303
2004,8,32.247482024949
2004,9,32.3499736554364
2004,10,32.4876846659351
2004,11,32.5959904722086
2004,12,32.9156089262592
2005,1,32.5665281606318
2005,2,32.5137501565821
2005,3,32.4795331811575
2005,4,32.4684060725738
2005,5,32.4177972706926
2005,6,32.4360136191909
2005,7,32.52068574372
2005,8,32.6075288794639
2005,9,32.6384702848156
2005,10,32.638556183843
2005,11,32.6394045235981
2005,12,32.7809530965206
2006,1,32.8834446911247
2006,2,32.9890972818802
2006,3,33.3471027904665
2006,4,33.643570931729
2006,5,33.6548536194323
2006,6,33.4593303633817
2006,7,33.328033734348
2006,8,32.8251330280924
2006,9,32.2659661134166
2006,10,31.9093339077066
2006,11,31.672477772055
2006,12,31.1298783065573
2007,1,31.0180540585851
2007,2,31.1470074408024
2007,3,31.5703014848771
2007,4,31.6956560062042
2007,5,31.635454874945
2007,6,31.6218497341716
2007,7,31.5805140202969
2007,8,31.4170257384563
2007,9,31.2457044041797
2007,10,31.0762610394321
2007,11,30.8092927561431
2007,12,30.6574991100483
2008,1,30.6273922888961
2008,2,30.4782996127399
2008,3,30.3710003698103
2008,4,30.2878000122985
2008,5,30.2006567079521
2008,6,30.1338909174691
2008,7,30.01813445178
2008,8,29.5809755677622
2008,9,29.3022251582307
2008,10,29.1464142804043
2008,11,28.8479541989712
2008,12,28.153140824344
2009,1,27.4626290912808
2009,2,26.7347870463911
2009,3,26.0172345575967
2009,4,25.2041462007988
2009,5,24.5648596810243
2009,6,24.1293268496809
2009,7,23.8138996922827
2009,8,23.350011602683
2009,9,23.1507926126913
2009,10,22.8068830187494
2009,11,22.6234879019349
2009,12,22.5650886763353
2010,1,22.4962514197005
2010,2,22.4037392965565
2010,3,22.3628767077487
2010,4,22.2746771409733
2010,5,22.1057487645542
2010,6,21.7605583264669
2010,7,21.5581431598479
2010,8,21.4516547250719
2010,9,21.3589110306913
2010,10,21.3261817579992
2010,11,21.3019997217408
2010,12,21.2298745629188
2011,1,21.2014380932235
2011,2,21.2093082333867
2011,3,21.1480907128898
2011,4,21.1082967486294
2011,5,21.0864252594938
2011,6,21.1643206170217
2011,7,21.2633595257505
2011,8,21.3784833146178
2011,9,21.4897361084001
2011,10,21.5372179299705
2011,11,21.5548179421
2011,12,21.4820900459017
2012,1,21.4129532668352
2012,2,21.4387507471217
2012,3,21.4573099565233
2012,4,21.421653908407
2012,5,21.4020878362689
2012,6,21.2203135737796
2012,7,21.167919764411
2012,8,21.2151466984517
2012,9,21.2361814634092
2012,10,21.3282101839555
2012,11,21.3942154903497
2012,12,21.9025734639428
2013,1,22.0245183361627
2013,2,22.2215928306577
2013,3,23.5134115890108
2013,4,23.9048698995898
2013,5,23.9022907526768
2013,6,23.8580881677018
2013,7,23.9001059152369
2013,8,23.7817609939815
2013,9,23.7791460672902
2013,10,23.8144300030017
2013,11,23.7607838807827
2013,12,23.7064925392368
2014,1,23.6925265165245
2014,2,23.6979417214829
2014,3,23.6481230499507
2014,4,23.6562995590456
2014,5,23.6187769605316
2014,6,23.345010500991
2014,7,23.1965969298062
2014,8,22.611669823037
2014,9,22.1374597809098
2014,10,22.1037289504862
2014,11,22.1204021375048
2014,12,22.0888439019869
2015,1,22.0420347791303
2015,2,21.9128586544793
2015,3,21.7501293874449
2015,4,21.7151229407694
2015,5,21.5749285610635
2015,6,21.4679679850186
2015,7,21.3644900595595
2015,8,21.2338818864551
2015,9,21.0468391363831
2015,10,20.7323831050169
2015,11,20.6329384796656
2015,12,20.5056052835656
2016,1,20.3838527281771
2016,2,20.051260496092
2016,3,19.8899396514012
2016,4,19.7773489524751
2016,5,19.7390068259173
2016,6,19.6343182774437
2016,7,19.4332998402036
2016,8,18.9263221719449
2016,9,18.5606480450661
2016,10,18.4346475780829
2016,11,18.3099171739807
2016,12,18.2752953858447
2017,1,18.2666149074428
2017,2,18.3122347521595
2017,3,18.3409143793857
2017,4,18.3776559462014
2017,5,18.3882353933006
2017,6,18.3839481367055
2017,7,18.3770869596415
2017,8,18.3801268653517
2017,9,18.3982436885755
2017,10,18.3933717911454
2017,11,18.3933717911454
2017,12,18.3933717911454
