Year,Month,Concentration
1986,1,0
1986,2,0
1986,3,0
1986,4,0
1986,5,0
1986,6,0
1986,7,0
1986,8,0
1986,9,0
1986,10,0
1986,11,0
1986,12,0
1987,1,0
1987,2,0
1987,3,0
1987,4,0
1987,5,0
1987,6,0
1987,7,0
1987,8,0
1987,9,0
1987,10,0
1987,11,0
1987,12,0
1988,1,0
1988,2,0
1988,3,0
1988,4,0
1988,5,0
1988,6,0
1988,7,0
1988,8,0
1988,9,0
1988,10,0
1988,11,0
1988,12,0
1989,1,0
1989,2,0
1989,3,0
1989,4,0
1989,5,0
1989,6,0
1989,7,0
1989,8,0
1989,9,0
1989,10,0
1989,11,0
1989,12,0
1990,1,0
1990,2,0
1990,3,0
1990,4,0
1990,5,0
1990,6,0
1990,7,0
1990,8,0
1990,9,0
1990,10,0
1990,11,0
1990,12,0
1991,1,0
1991,2,0
1991,3,0
1991,4,0
1991,5,0
1991,6,0
1991,7,0
1991,8,0
1991,9,0
1991,10,0
1991,11,0
1991,12,0
1992,1,0
1992,2,0
1992,3,0
1992,4,0
1992,5,0
1992,6,0
1992,7,0
1992,8,0
1992,9,0
1992,10,0
1992,11,0
1992,12,0
1993,1,0
1993,2,0
1993,3,0
1993,4,0
1993,5,0
1993,6,0
1993,7,0
1993,8,0
1993,9,0
1993,10,0
1993,11,0
1993,12,0
1994,1,0
1994,2,0
1994,3,0
1994,4,0
1994,5,0
1994,6,0
1994,7,0
1994,8,0
1994,9,0
1994,10,0
1994,11,0
1994,12,0
1995,1,0
1995,2,0
1995,3,0
1995,4,0
1995,5,0
1995,6,0
1995,7,0
1995,8,0
1995,9,0
1995,10,0
1995,11,0
1995,12,0
1996,1,0
1996,2,0
1996,3,0
1996,4,0
1996,5,0
1996,6,0
1996,7,0
1996,8,0
1996,9,0
1996,10,0
1996,11,0
1996,12,0
1997,1,0
1997,2,0
1997,3,0
1997,4,0
1997,5,0
1997,6,0
1997,7,0
1997,8,0
1997,9,0
1997,10,0
1997,11,0
1997,12,0
1998,1,0
1998,2,0
1998,3,0
1998,4,0
1998,5,0
1998,6,0
1998,7,0
1998,8,21.3647785302725
1998,9,21.4791138383407
1998,10,21.6136372515883
1998,11,21.7268854370901
1998,12,21.8929633193557
1999,1,22.0763800442997
1999,2,22.5620567939138
1999,3,23.2595881615307
1999,4,23.6633504899098
1999,5,23.8089156826831
1999,6,23.8793562608755
1999,7,23.9451631821488
1999,8,24.0575115893256
1999,9,24.3112909657687
1999,10,24.4621312687901
1999,11,24.6874462991118
1999,12,24.9352386573823
2000,1,25.1335516051143
2000,2,25.1880139585539
2000,3,25.3104313142016
2000,4,25.4260219613693
2000,5,25.4613338189342
2000,6,25.5277246219375
2000,7,25.5679796743445
2000,8,25.540575911077
2000,9,25.5596667476772
2000,10,25.6969616138263
2000,11,25.8558903027338
2000,12,26.086052725262
2001,1,26.3529470474261
2001,2,26.6177437564449
2001,3,26.6807708672494
2001,4,26.4460019214645
2001,5,26.3941333503537
2001,6,26.3820919510454
2001,7,26.2885555300034
2001,8,26.0455018478462
2001,9,25.8906611094273
2001,10,25.9214904010257
2001,11,26.5607601758423
2001,12,26.7365545736039
2002,1,26.8539204695927
2002,2,26.9064660965273
2002,3,26.9039136858955
2002,4,26.9398055683475
2002,5,26.8796169258479
2002,6,26.8241619384145
2002,7,26.8110266999089
2002,8,26.5859951937641
2002,9,26.5556876798071
2002,10,26.6548028980745
2002,11,26.5680575369627
2002,12,26.5779609434625
2003,1,26.5739903132402
2003,2,26.5402409025505
2003,3,26.5136621779257
2003,4,26.4690278385969
2003,5,26.4820092548784
2003,6,179.887976785885
2003,7,640.176641821235
2003,8,641.013289016662
2003,9,642.146811552472
2003,10,636.666878472756
2003,11,628.12531321911
2003,12,625.880750067686
2004,1,624.477431334694
2004,2,622.553852769121
2004,3,621.736680996258
2004,4,618.977045489868
2004,5,614.164178628944
2004,6,607.837152972173
2004,7,605.218576047488
2004,8,603.522271976185
2004,9,602.941147195898
2004,10,600.224787081904
2004,11,593.380177889961
2004,12,579.765521233829
2005,1,575.954996558539
2005,2,574.25602178364
2005,3,569.867252733967
2005,4,567.20502729277
2005,5,565.469496464577
2005,6,563.926085855082
2005,7,563.004757035019
2005,8,562.836340368691
2005,9,562.991197766217
2005,10,563.467833456876
2005,11,564.280841513834
2005,12,564.565835352208
2006,1,564.895116527803
2006,2,564.671362279157
2006,3,563.648161752424
2006,4,560.344170957711
2006,5,555.069776910537
2006,6,438.142641413745
2006,7,23.2296389688653
2006,8,23.3007708841646
2006,9,23.7632601582053
2006,10,23.2404278581493
2006,11,22.4413541482036
2006,12,21.5087574857941
2007,1,20.8575802014538
2007,2,20.5904767362677
2007,3,20.3157314585048
2007,4,20.0558663538976
2007,5,19.9136330020677
2007,6,19.7713409366473
2007,7,19.7208948926617
2007,8,19.6305740667949
2007,9,19.4108150364234
2007,10,19.3195355301419
2007,11,19.1708328393066
2007,12,19.0696624276124
2008,1,19.0201782306514
2008,2,19.0192778926384
2008,3,19.0419586083586
2008,4,19.0437460652644
2008,5,18.9803165675222
2008,6,18.9608665586428
2008,7,18.9048781715083
2008,8,18.6398794876799
2008,9,18.5876540979661
2008,10,18.6608371846905
2008,11,18.6323338277386
2008,12,18.4189810484073
2009,1,18.5166293394067
2009,2,18.6219991953988
2009,3,19.0856609383388
2009,4,22.1266427683597
2009,5,27.0484852391335
2009,6,27.9551973303157
2009,7,28.1906086910388
2009,8,29.1275888982649
2009,9,29.842251131459
2009,10,30.5160079846668
2009,11,31.0377584162738
2009,12,31.2594336452408
2010,1,31.2922099079354
2010,2,31.30950863247
2010,3,31.24063702608
2010,4,30.8554206354626
2010,5,30.0642933752357
2010,6,29.1777767432012
2010,7,27.1080573716644
2010,8,25.7410328502683
2010,9,25.5717747942065
2010,10,25.8391041596159
2010,11,26.3374287351236
2010,12,27.3556325048406
2011,1,165.5543713346
2011,2,589.346783336196
2011,3,647.042680495083
2011,4,715.896169254903
2011,5,733.529889343287
2011,6,744.213309881152
2011,7,748.315317901697
2011,8,752.524329907786
2011,9,753.09236152773
2011,10,753.512818380313
2011,11,753.500780690957
2011,12,754.390160225304
2012,1,759.990944232868
2012,2,761.433493318694
2012,3,763.745603684334
2012,4,765.067578153826
2012,5,766.273947125186
2012,6,766.626921086142
2012,7,766.850940946211
2012,8,767.006430699379
2012,9,767.323224592589
2012,10,768.667939098706
2012,11,771.943619061882
2012,12,772.704775105246
2013,1,773.114221322786
2013,2,773.235644688503
2013,3,773.227325387245
2013,4,773.568510644512
2013,5,775.248642550908
2013,6,775.839984676279
2013,7,774.322316740892
2013,8,773.724167704654
2013,9,773.238326288522
2013,10,771.467059554895
2013,11,764.975404674126
2013,12,760.99588393937
2014,1,759.732520460242
2014,2,758.145750755417
2014,3,757.154090302546
2014,4,753.123216129419
2014,5,744.289651899119
2014,6,736.011125257098
2014,7,733.321905565368
2014,8,732.530812685897
2014,9,734.681445901702
2014,10,738.200226644999
2014,11,740.486803397334
2014,12,744.305479880014
2015,1,745.355675570297
2015,2,745.867012661584
2015,3,746.165732542271
2015,4,746.451420373968
2015,5,747.537100071332
2015,6,748.21973763014
2015,7,748.370567872037
2015,8,748.529550124633
2015,9,749.066682638669
2015,10,749.445780544947
2015,11,749.295881696458
2015,12,748.991461958756
2016,1,749.402409904025
2016,2,749.015348316864
2016,3,749.504735163282
2016,4,745.753021593953
2016,5,741.196468158671
2016,6,739.660443480734
2016,7,735.624717710051
2016,8,734.638344647655
2016,9,733.097133623732
2016,10,731.514905922075
2016,11,727.258849170606
2016,12,725.011413158516
2017,1,713.410136679653
2017,2,705.748722799221
2017,3,704.241888212795
2017,4,701.773138129663
2017,5,700.539009322599
2017,6,698.493716622165
2017,7,697.244115000292
2017,8,695.862622442786
2017,9,695.911290848718
2017,10,695.414155024408
2017,11,695.068107461971
2017,12,694.89011132678
2018,1,694.533824909395
2018,2,694.508239021681
2018,3,694.790162842668
2018,4,694.600119600564
2018,5,694.428790985191
2018,6,694.424915578739
2018,7,694.729750386624
2018,8,694.874555168392
2018,9,694.902749944765
2018,10,694.871235587087
2018,11,694.8476262539
2018,12,694.778949446373
2019,1,694.544290963046
2019,2,693.330756102227
2019,3,692.755354846802
2019,4,692.764149160188
2019,5,692.933689022627
2019,6,693.010159135555
2019,7,693.05168215147
2019,8,693.244480618387
2019,9,693.4179874653
2019,10,693.388767761138
2019,11,693.24019127302
2019,12,693.202995703646
