Year,Month,Concentration
1986,1,2.5497134675891
1986,2,2.5497134675891
1986,3,2.5497134675891
1986,4,2.5497134675891
1986,5,2.55169386527085
1986,6,2.55466446179347
1986,7,2.55466446179347
1986,8,2.55466446179347
1986,9,2.55846625653046
1986,10,2.59220147506506
1986,11,2.60063527969871
1986,12,2.60063527969871
1987,1,2.60063527969871
1987,2,2.60560400112896
1987,3,2.64901073358236
1987,4,2.66347964440016
1987,5,2.67028781614636
1987,6,2.67482659731049
1987,7,2.67482659731049
1987,8,2.67482659731049
1987,9,2.67482659731049
1987,10,2.68231810396692
1987,11,2.68776982415356
1987,12,2.68776982415356
1988,1,2.68491655665321
1988,2,2.67338742389152
1988,3,2.67338742389152
1988,4,2.66055885982295
1988,5,2.56043678674157
1988,6,2.46714739556077
1988,7,2.45240811464492
1988,8,2.38531474342615
1988,9,2.32863995041898
1988,10,2.3281915203845
1988,11,2.32698213456909
1988,12,2.30717231177951
1989,1,2.30543771279276
1989,2,2.31526315546077
1989,3,2.31782531163448
1989,4,2.32931661404072
1989,5,2.3301999309501
1989,6,2.33077381935408
1989,7,2.32788037406135
1989,8,2.32230807059032
1989,9,2.32171506641644
1989,10,2.31455980468507
1989,11,2.29357322883015
1989,12,2.29357322883015
1990,1,2.28967557649998
1990,2,2.27671247722387
1990,3,2.27674182313184
1990,4,2.28082520776755
1990,5,2.25526608166125
1990,6,2.24769920624797
1990,7,2.2254111791184
1990,8,2.143572988979
1990,9,2.11985622535491
1990,10,2.10423913125687
1990,11,2.06294252471775
1990,12,2.06940495010151
1991,1,2.069879366223
1991,2,2.07924561823363
1991,3,2.09136354558469
1991,4,2.09212550441744
1991,5,2.19858188816124
1991,6,2.19985929784367
1991,7,2.19892508124095
1991,8,2.21285375260019
1991,9,2.21291274155572
1991,10,2.22396531481291
1991,11,2.25021263424002
1991,12,2.25749085065411
1992,1,2.26132252229742
1992,2,2.29230285939002
1992,3,2.29605602533573
1992,4,2.38469440309333
1992,5,2.5029481164174
1992,6,2.50368641580296
1992,7,2.50735001650926
1992,8,2.57284270047496
1992,9,2.59189946101237
1992,10,2.59226518282772
1992,11,2.63439089522219
1992,12,2.64257563007138
1993,1,2.64252037223655
1993,2,2.65450780842725
1993,3,2.77730504980465
1993,4,2.78227226073193
1993,5,2.78319017751048
1993,6,2.79393837089331
1993,7,2.79419676963749
1993,8,2.79072182099307
1993,9,2.78207410707983
1993,10,2.78183662232924
1993,11,2.77866356626006
1993,12,2.7775636150893
1994,1,2.76538896946677
1994,2,2.73714661604678
1994,3,2.73140526814524
1994,4,2.71105685205149
1994,5,2.70259114923667
1994,6,2.68608546683137
1994,7,2.6788819113051
1994,8,2.67627744633749
1994,9,2.67079304710399
1994,10,2.66672763610917
1994,11,2.66267378416787
1994,12,2.65836672828745
1995,1,2.65465486535728
1995,2,2.65434977134529
1995,3,2.65644984104651
1995,4,2.6553484571312
1995,5,2.66106539078049
1995,6,2.666557947937
1995,7,2.66642407988988
1995,8,2.66752886210597
1995,9,2.66789712284467
1995,10,2.6684971343624
1995,11,2.66867282330928
1995,12,2.66888475764176
1996,1,2.67610638191355
1996,2,2.68256453727414
1996,3,2.68264177812632
1996,4,2.71725314586388
1996,5,2.71832464605295
1996,6,2.71712926122813
1996,7,2.71485716275362
1996,8,2.72005356368419
1996,9,2.70742113776145
1996,10,2.70101339305843
1996,11,2.70091118709527
1996,12,2.65150281087306
1997,1,2.65162035042652
1997,2,2.64882552348841
1997,3,2.64297144971359
1997,4,2.64692611795764
1997,5,2.63961166437227
1997,6,2.62959994188567
1997,7,2.62874845840058
1997,8,2.64278448974212
1997,9,2.67454501370711
1997,10,2.71376169054291
1997,11,2.7422064015456
1997,12,2.76535047334581
1998,1,2.76356671255008
1998,2,2.76118784223974
1998,3,2.75086149966143
1998,4,2.7652285315495
1998,5,2.776372127242
1998,6,2.7713993759126
1998,7,2.7695262259032
1998,8,2.76247987914377
1998,9,2.74700624155963
1998,10,2.74651503924912
1998,11,2.71885230769176
1998,12,2.61952447275164
1999,1,2.6178255261456
1999,2,2.62314109802164
1999,3,2.62636678545089
1999,4,2.62760041753322
1999,5,2.67601590513718
1999,6,2.69150952546562
1999,7,2.68996202149892
1999,8,2.69105777624261
1999,9,2.68741260442127
1999,10,2.68063661442186
1999,11,2.65345199609229
1999,12,2.55728264059552
2000,1,2.47474472499716
2000,2,2.43855836814575
2000,3,2.32151295100558
2000,4,2.23856192015265
2000,5,1.67555692373319
2000,6,0
2000,7,0
2000,8,0
2000,9,0
2000,10,0
2000,11,0
2000,12,0
2001,1,0
2001,2,0
2001,3,0
2001,4,0
2001,5,0
2001,6,0
2001,7,0
2001,8,0
2001,9,0
2001,10,0
2001,11,0
2001,12,0
2002,1,0
2002,2,0
2002,3,0
2002,4,0
2002,5,0
2002,6,0
2002,7,0
2002,8,0
2002,9,0
2002,10,0
2002,11,0
2002,12,0
2003,1,0
2003,2,0
2003,3,0
2003,4,0
2003,5,0
2003,6,0
2003,7,0
2003,8,0
2003,9,0
2003,10,0
2003,11,0
2003,12,0
2004,1,0
2004,2,0
2004,3,0
2004,4,0
2004,5,0
2004,6,0
2004,7,0
2004,8,0
2004,9,0
2004,10,0
2004,11,0
2004,12,0
2005,1,0
2005,2,0
2005,3,0
2005,4,0
2005,5,0
2005,6,0
2005,7,0
2005,8,0
2005,9,0
2005,10,0
2005,11,0
2005,12,0
2006,1,0
2006,2,0
2006,3,0
2006,4,0
2006,5,0
2006,6,0
2006,7,0
2006,8,0
2006,9,0
2006,10,0
2006,11,0
2006,12,0
2007,1,0
2007,2,0
2007,3,0
2007,4,0
2007,5,0
2007,6,0
2007,7,0
2007,8,0
2007,9,0
2007,10,0
2007,11,0
2007,12,0
2008,1,0
2008,2,0
2008,3,0
2008,4,0
2008,5,0
2008,6,0
2008,7,0
2008,8,0
2008,9,0
2008,10,0
2008,11,0
2008,12,0
2009,1,0
2009,2,0
2009,3,0
2009,4,0
2009,5,0
2009,6,0
2009,7,0
2009,8,0
2009,9,0
2009,10,0
2009,11,0
2009,12,0
2010,1,0
2010,2,0
2010,3,0
2010,4,0
2010,5,0
2010,6,0
2010,7,0
2010,8,0
2010,9,0
2010,10,0
2010,11,0
2010,12,0
2011,1,0
2011,2,0
2011,3,0
2011,4,0
2011,5,0
2011,6,0
2011,7,0
2011,8,0
2011,9,0
2011,10,0
2011,11,0
2011,12,0
2012,1,0
2012,2,0
2012,3,0
2012,4,0
2012,5,0
2012,6,0
2012,7,0
2012,8,0
2012,9,0
2012,10,0
2012,11,0
2012,12,0
2013,1,0
2013,2,0
2013,3,0
2013,4,0
2013,5,0
2013,6,0
2013,7,0
2013,8,0
2013,9,0
2013,10,0
2013,11,0
2013,12,0
2014,1,0
2014,2,0
2014,3,0
2014,4,0
2014,5,0
2014,6,0
2014,7,0
2014,8,0
2014,9,0
2014,10,0
2014,11,0
2014,12,0
2015,1,0
2015,2,0
2015,3,0
2015,4,0
2015,5,0
2015,6,0
2015,7,0
2015,8,0
2015,9,0
2015,10,0
2015,11,0
2015,12,0
2016,1,0
2016,2,0
2016,3,0
2016,4,0
2016,5,0
2016,6,0
2016,7,0
2016,8,0
2016,9,0
2016,10,0
2016,11,0
2016,12,0
2017,1,0
2017,2,0
2017,3,0
2017,4,0
2017,5,0
2017,6,0
2017,7,0
2017,8,0
2017,9,0
2017,10,0
2017,11,0
2017,12,0
