Year,Month,Concentration
1986,1,0
1986,2,0
1986,3,0
1986,4,0
1986,5,0
1986,6,0
1986,7,0
1986,8,0
1986,9,0
1986,10,0
1986,11,0
1986,12,0
1987,1,0
1987,2,0
1987,3,0
1987,4,0
1987,5,0
1987,6,0
1987,7,0
1987,8,0
1987,9,0
1987,10,0
1987,11,0
1987,12,0
1988,1,0
1988,2,0
1988,3,0
1988,4,0
1988,5,0
1988,6,0
1988,7,0
1988,8,0
1988,9,0
1988,10,0
1988,11,0
1988,12,0
1989,1,0
1989,2,0
1989,3,0
1989,4,0
1989,5,0
1989,6,0
1989,7,0
1989,8,0
1989,9,0
1989,10,0
1989,11,0
1989,12,0
1990,1,0
1990,2,0
1990,3,0
1990,4,0
1990,5,0
1990,6,0
1990,7,0
1990,8,0
1990,9,0
1990,10,0
1990,11,0
1990,12,0
1991,1,0
1991,2,0
1991,3,0
1991,4,0
1991,5,0
1991,6,0
1991,7,0
1991,8,0
1991,9,0
1991,10,0
1991,11,0
1991,12,0
1992,1,0
1992,2,0
1992,3,0
1992,4,0
1992,5,0
1992,6,0
1992,7,0
1992,8,0
1992,9,0
1992,10,0
1992,11,0
1992,12,0
1993,1,0
1993,2,0
1993,3,0
1993,4,0
1993,5,0
1993,6,0
1993,7,0
1993,8,0
1993,9,0
1993,10,0
1993,11,0
1993,12,0
1994,1,0
1994,2,0
1994,3,0
1994,4,0
1994,5,0
1994,6,0
1994,7,0
1994,8,0
1994,9,0
1994,10,0
1994,11,0
1994,12,0
1995,1,0
1995,2,0
1995,3,0
1995,4,0
1995,5,0
1995,6,0
1995,7,0
1995,8,0
1995,9,0
1995,10,0
1995,11,0
1995,12,0
1996,1,0
1996,2,0
1996,3,0
1996,4,0
1996,5,0
1996,6,0
1996,7,0
1996,8,0
1996,9,0
1996,10,0
1996,11,0
1996,12,0
1997,1,0
1997,2,0
1997,3,0
1997,4,0
1997,5,0
1997,6,0
1997,7,0
1997,8,0
1997,9,0
1997,10,0
1997,11,0
1997,12,0
1998,1,0
1998,2,0
1998,3,0
1998,4,0
1998,5,0
1998,6,0
1998,7,0
1998,8,0
1998,9,0
1998,10,0
1998,11,0
1998,12,0
1999,1,0
1999,2,0
1999,3,0
1999,4,0
1999,5,0
1999,6,0
1999,7,0
1999,8,0
1999,9,0
1999,10,0
1999,11,0
1999,12,0
2000,1,2.39702148003862
2000,2,2.38983355145291
2000,3,2.35997672281378
2000,4,2.35098855375266
2000,5,2.35188305403013
2000,6,1.40132430551414
2000,7,1.72308913853452
2000,8,2.28427201035018
2000,9,2.26737439125934
2000,10,2.26176340677857
2000,11,1.13178201906075
2000,12,0
2001,1,2.2655203465663
2001,2,2.28526444927963
2001,3,2.27223500142907
2001,4,2.25509641306842
2001,5,1.12397543357943
2001,6,0
2001,7,0
2001,8,1.7807295987966
2001,9,1.648731106093
2001,10,2.19093944093107
2001,11,2.18870743235155
2001,12,2.19174046507003
2002,1,2.20729750591772
2002,2,1.10370343204244
2002,3,1.75963359987721
2002,4,0.547820200685339
2002,5,0
2002,6,0
2002,7,0
2002,8,0
2002,9,0
2002,10,0
2002,11,0
2002,12,0
2003,1,0
2003,2,0
2003,3,0
2003,4,0
2003,5,0
2003,6,0
2003,7,0
2003,8,0
2003,9,0
2003,10,0
2003,11,0
2003,12,0
2004,1,0
2004,2,0
2004,3,0
2004,4,0
2004,5,0
2004,6,0
2004,7,0
2004,8,0
2004,9,0
2004,10,0
2004,11,0
2004,12,0
2005,1,0
2005,2,0
2005,3,0
2005,4,0
2005,5,0
2005,6,0
2005,7,0
2005,8,0
2005,9,0
2005,10,0
2005,11,0
2005,12,0
2006,1,0
2006,2,0
2006,3,0
2006,4,0
2006,5,0
2006,6,0
2006,7,0
2006,8,0
2006,9,0
2006,10,0
2006,11,0
2006,12,0
2007,1,0
2007,2,0
2007,3,0
2007,4,0
2007,5,0
2007,6,0
2007,7,0
2007,8,0
2007,9,0
2007,10,0
2007,11,0
2007,12,0
2008,1,0
2008,2,0
2008,3,0
2008,4,0
2008,5,0
2008,6,0
2008,7,0
2008,8,0
2008,9,0
2008,10,0
2008,11,0
2008,12,0
2009,1,0
2009,2,0
2009,3,0
2009,4,0
2009,5,0
2009,6,0
2009,7,0
2009,8,0
2009,9,0
2009,10,0
2009,11,0
2009,12,0
2010,1,0
2010,2,0
2010,3,0
2010,4,0
2010,5,0
2010,6,0
2010,7,0
2010,8,0
2010,9,0
2010,10,0
2010,11,0
2010,12,0
2011,1,0
2011,2,0
2011,3,0
2011,4,0
2011,5,0
2011,6,0
2011,7,1.05668395767634
2011,8,1.75919372294713
2011,9,1.7578735580423
2011,10,1.75876100131069
2011,11,1.75976136972191
2011,12,1.7620483483776
2012,1,1.77189267762246
2012,2,1.79597019809912
2012,3,1.8075898500673
2012,4,1.81220407140573
2012,5,1.81423575449306
2012,6,1.81445896125656
2012,7,1.8148420596939
2012,8,1.82342201072575
2012,9,1.83585108436539
2012,10,1.84559050553912
2012,11,1.85569925251594
2012,12,1.87723964439093
2013,1,1.91054240935608
2013,2,1.93109808763008
2013,3,2.04690929726485
2013,4,2.08631288510405
2013,5,2.13929534918453
2013,6,2.15490963735786
2013,7,2.15609287890415
2013,8,2.16340891306928
2013,9,2.17084004418054
2013,10,2.16888475201682
2013,11,2.18483967723592
2013,12,2.18735979192654
2014,1,2.1875019088036
2014,2,2.19086407728826
2014,3,2.19047707968568
2014,4,2.19113141495587
2014,5,2.19259789863395
2014,6,2.19504999398858
2014,7,2.19745402619067
2014,8,2.21014465094832
2014,9,2.21808035683371
2014,10,2.22131982316915
2014,11,2.22867132604027
2014,12,2.23935218557494
2015,1,2.24685063331221
2015,2,2.24888958542732
2015,3,2.25740414550446
2015,4,2.25896232786845
2015,5,2.26404465254906
2015,6,2.28074068317632
2015,7,2.29569201846429
2015,8,2.30350604167992
2015,9,2.31164069232476
2015,10,2.31189971564904
2015,11,2.31620098315766
2015,12,2.32466072015849
2016,1,2.33326344120893
2016,2,2.34893862014182
2016,3,2.38621739348772
2016,4,2.39198475672579
2016,5,2.39949603887198
2016,6,2.39910543026143
2016,7,2.39750431791083
2016,8,2.39857676707182
2016,9,2.4004667324914
2016,10,2.40569187479456
2016,11,2.40887371452397
2016,12,2.41125911162041
2017,1,2.4106727631533
2017,2,2.40839729794633
2017,3,2.40368649596889
2017,4,2.4027592658616
2017,5,2.39915168766913
2017,6,2.39676582430501
2017,7,2.39163966153783
2017,8,2.38960487744532
2017,9,2.39017725318064
2017,10,2.39030311783592
2017,11,2.39011501718808
2017,12,2.39011501718808
