Year,Month,Concentration
1986,1,0
1986,2,0
1986,3,0
1986,4,0
1986,5,0
1986,6,0
1986,7,0
1986,8,0
1986,9,0
1986,10,0
1986,11,0
1986,12,0
1987,1,0
1987,2,0
1987,3,0
1987,4,0
1987,5,0
1987,6,0
1987,7,0
1987,8,0
1987,9,0
1987,10,0
1987,11,0
1987,12,0
1988,1,0
1988,2,0
1988,3,0
1988,4,0
1988,5,0
1988,6,0
1988,7,0
1988,8,0
1988,9,0
1988,10,0
1988,11,0
1988,12,0
1989,1,0
1989,2,0
1989,3,0
1989,4,0
1989,5,0
1989,6,0
1989,7,0
1989,8,0
1989,9,0
1989,10,0
1989,11,0
1989,12,0
1990,1,0
1990,2,0
1990,3,0
1990,4,0
1990,5,0
1990,6,0
1990,7,0
1990,8,0
1990,9,0
1990,10,0
1990,11,0
1990,12,0
1991,1,0
1991,2,0
1991,3,0
1991,4,0
1991,5,0
1991,6,0
1991,7,0
1991,8,0
1991,9,0
1991,10,0
1991,11,0
1991,12,0
1992,1,0
1992,2,0
1992,3,0
1992,4,0
1992,5,0
1992,6,0
1992,7,0
1992,8,0
1992,9,0
1992,10,0
1992,11,0
1992,12,0
1993,1,0
1993,2,0
1993,3,0
1993,4,0
1993,5,0
1993,6,0
1993,7,0
1993,8,0
1993,9,0
1993,10,0
1993,11,0
1993,12,0
1994,1,0
1994,2,0
1994,3,0
1994,4,0
1994,5,0
1994,6,0
1994,7,0
1994,8,0
1994,9,0
1994,10,0
1994,11,0
1994,12,0
1995,1,0
1995,2,0
1995,3,0
1995,4,0
1995,5,0
1995,6,0
1995,7,0
1995,8,0
1995,9,0
1995,10,0
1995,11,0
1995,12,0
1996,1,0
1996,2,0
1996,3,0
1996,4,0
1996,5,0
1996,6,0
1996,7,0
1996,8,0
1996,9,0
1996,10,0
1996,11,0
1996,12,0
1997,1,0
1997,2,0
1997,3,0
1997,4,0
1997,5,0
1997,6,0
1997,7,0
1997,8,0
1997,9,0
1997,10,0
1997,11,0
1997,12,0
1998,1,0
1998,2,0
1998,3,0
1998,4,0
1998,5,0
1998,6,0
1998,7,2.02915878208479
1998,8,2.54443955016696
1998,9,2.53637582468406
1998,10,2.02631812848167
1998,11,1.9073882457613
1998,12,2.55928414335561
1999,1,2.56105072187132
1999,2,2.56347147107174
1999,3,2.58459210297352
1999,4,2.59685443782538
1999,5,2.61529739682873
1999,6,2.62117009019271
1999,7,2.62137593273149
1999,8,2.62310996487919
1999,9,2.628790845696
1999,10,2.62275995161412
1999,11,2.61376279906161
1999,12,2.60067451312658
2000,1,2.57741426117113
2000,2,2.56585839414632
2000,3,2.53560715337577
2000,4,2.53448814753283
2000,5,2.5371735526935
2000,6,2.51235359731605
2000,7,2.47248157154125
2000,8,2.4533883710963
2000,9,2.42605490285713
2000,10,2.40692324876791
2000,11,2.38805253945328
2000,12,2.3666808251253
2001,1,2.37916447543844
2001,2,2.39329177367481
2001,3,2.36844685261204
2001,4,2.34446354382819
2001,5,2.33673580579329
2001,6,2.33524263866998
2001,7,2.34530968574697
2001,8,2.3137714462886
2001,9,2.28078730714081
2001,10,2.26888807155306
2001,11,2.26652587213596
2001,12,2.27089359598767
2002,1,2.28748701342539
2002,2,2.29001145009517
2002,3,2.28591083889796
2002,4,2.27930564891146
2002,5,0
2002,6,0
2002,7,0
2002,8,0
2002,9,0
2002,10,0
2002,11,0
2002,12,0
2003,1,0
2003,2,0
2003,3,0
2003,4,0
2003,5,0
2003,6,110.924721320834
2003,7,440.999198455705
2003,8,539.330858408799
2003,9,539.99437882142
2003,10,539.540486766684
2003,11,538.723169442348
2003,12,538.29319733932
2004,1,537.98202621515
2004,2,537.977846500642
2004,3,538.046070621678
2004,4,536.704458966875
2004,5,534.312598555642
2004,6,535.303043960348
2004,7,535.600489371747
2004,8,534.379219055879
2004,9,533.694227832614
2004,10,533.046203766119
2004,11,532.586876680662
2004,12,532.658459326699
2005,1,532.816563115498
2005,2,532.046760926858
2005,3,533.051951697804
2005,4,534.482382623995
2005,5,534.159534034337
2005,6,532.090315794939
2005,7,532.12418612146
2005,8,530.844839691835
2005,9,528.884887943523
2005,10,527.586544594086
2005,11,526.244813308306
2005,12,526.119099928418
2006,1,430.040433154823
2006,2,143.177162680482
2006,3,143.09757891197
2006,4,142.545615896958
2006,5,140.33074739659
2006,6,139.65184441698
2006,7,139.985673843215
2006,8,138.792217070422
2006,9,137.568564113614
2006,10,134.686337001802
2006,11,131.507815732893
2006,12,128.641338963257
2007,1,123.334251478182
2007,2,122.10331266145
2007,3,121.28705952879
2007,4,120.432105149777
2007,5,120.283752015911
2007,6,119.86846969387
2007,7,119.525380121444
2007,8,119.039793776543
2007,9,118.865427631131
2007,10,118.476028894269
2007,11,117.634292954895
2007,12,116.453263108268
2008,1,115.223706793692
2008,2,114.415805545707
2008,3,114.55008146375
2008,4,114.633637926495
2008,5,114.58616893607
2008,6,114.127615687681
2008,7,113.687167573191
2008,8,112.117304227103
2008,9,111.615574664406
2008,10,111.504784462618
2008,11,111.779992649319
2008,12,111.869083224303
2009,1,111.943581670004
2009,2,112.1034660926
2009,3,112.201945649976
2009,4,112.146939357699
2009,5,112.356258876381
2009,6,112.337994854134
2009,7,112.576020937994
2009,8,113.001890782165
2009,9,112.806968097921
2009,10,101.872419968678
2009,11,60.1676522990721
2009,12,60.417420724953
2010,1,60.568208764774
2010,2,60.9068867034444
2010,3,60.9484803715027
2010,4,60.9540164442512
2010,5,60.8815848016285
2010,6,61.002801556042
2010,7,61.1207310528836
2010,8,60.7058474755597
2010,9,60.5646395164307
2010,10,60.3427533358774
2010,11,60.2465414179978
2010,12,59.9769637829911
2011,1,59.5688347730032
2011,2,59.1158087849671
2011,3,57.5448067406956
2011,4,55.0806513535144
2011,5,51.2207422657158
2011,6,50.6068375824697
2011,7,49.7047680690076
2011,8,49.060482841482
2011,9,48.7457061214538
2011,10,48.040242693523
2011,11,46.764405935228
2011,12,46.5189315510248
2012,1,46.4916402297047
2012,2,46.3243173168935
2012,3,46.2298959844962
2012,4,46.0735129980629
2012,5,45.7880228837077
2012,6,44.9106498466734
2012,7,44.6256122384118
2012,8,43.9789075554519
2012,9,43.3931581004661
2012,10,43.0116663225149
2012,11,42.4132371024595
2012,12,41.1732953236733
2013,1,40.8038216132026
2013,2,40.2482123733877
2013,3,39.8537009133966
2013,4,39.7790366258575
2013,5,39.7024797142319
2013,6,39.0721963695508
2013,7,39.0726438439118
2013,8,39.0212969810068
2013,9,38.8749541771072
2013,10,38.6269540199732
2013,11,38.4095446383709
2013,12,38.3140238813241
2014,1,38.2741015933265
2014,2,38.2594590901074
2014,3,38.2463986455843
2014,4,38.2200319535843
2014,5,38.0244410558157
2014,6,38.0912028065175
2014,7,38.0836024895436
2014,8,38.0947073478284
2014,9,38.1472919155774
2014,10,38.1893859243755
2014,11,38.2132908112936
2014,12,38.0731112963045
2015,1,37.9903493668804
2015,2,37.9783000796055
2015,3,37.8000180157421
2015,4,37.7342863319737
2015,5,37.5638477232713
2015,6,37.2269418927031
2015,7,37.1797256080467
2015,8,37.1546476842905
2015,9,37.1548808958977
2015,10,37.1621147276705
2015,11,37.1468696809259
2015,12,37.1034551587472
2016,1,37.054525543978
2016,2,37.0524333523456
2016,3,37.0072416153085
2016,4,36.9420980350233
2016,5,36.9062270434836
2016,6,36.9085884283158
2016,7,36.9044554680847
2016,8,36.8746164293161
2016,9,36.8415488095702
2016,10,36.7349345398307
2016,11,36.7416608209348
2016,12,36.7642970073058
2017,1,36.7501530204297
2017,2,36.756906884372
2017,3,36.7444576621126
2017,4,36.7472278983108
2017,5,36.7156717721958
2017,6,36.662693012828
2017,7,36.6682116890146
2017,8,36.6657808416158
2017,9,36.6662323293028
2017,10,36.6214102074914
2017,11,36.5785982245212
2017,12,36.5785982245212
