Year,Month,Concentration
1986,1,3.10243776929743
1986,2,3.10243776929743
1986,3,3.10243776929743
1986,4,3.10243776929743
1986,5,3.10951109308185
1986,6,3.1201210787585
1986,7,3.1201210787585
1986,8,3.1201210787585
1986,9,3.1201210787585
1986,10,3.1201210787585
1986,11,3.1201210787585
1986,12,3.1201210787585
1987,1,3.1201210787585
1987,2,3.15258016717233
1987,3,3.29169650159739
1987,4,3.33806861307241
1987,5,3.33806861307241
1987,6,3.33758357216981
1987,7,3.33742189186894
1987,8,3.33742189186894
1987,9,3.33742189186894
1987,10,3.38609614726939
1987,11,3.41854565086969
1987,12,3.41854565086969
1988,1,3.42096272185668
1988,2,3.40233096766763
1988,3,3.40233096766763
1988,4,3.39610690059476
1988,5,3.38029559220953
1988,6,3.34583045624916
1988,7,3.31859899817978
1988,8,3.23889684482422
1988,9,3.1933692340965
1988,10,3.19314331763306
1988,11,3.19314331763306
1988,12,3.17234112759872
1989,1,3.17225560899377
1989,2,3.18854340873523
1989,3,3.21529058764601
1989,4,3.22283917191593
1989,5,3.23024507134393
1989,6,3.22114118242224
1989,7,3.23827118888694
1989,8,3.2382976622441
1989,9,3.23910202703148
1989,10,3.23499548435532
1989,11,3.23462261699544
1989,12,3.23683865795845
1990,1,3.24039028686625
1990,2,3.2312553910331
1990,3,3.23139211679545
1990,4,3.23587521564457
1990,5,3.21381531636165
1990,6,3.21381531636165
1990,7,3.15607599360543
1990,8,2.97726086215892
1990,9,2.97673341189006
1990,10,2.97767919435818
1990,11,2.98555840942498
1990,12,2.99138720418303
1991,1,2.99226628990037
1991,2,3.01226772191546
1991,3,3.03461814526027
1991,4,3.03911890455119
1991,5,3.04809430337528
1991,6,3.04315844925374
1991,7,3.04315844925374
1991,8,3.0474546713359
1991,9,3.04406691454115
1991,10,3.0452367143779
1991,11,3.04822261470982
1991,12,3.04931382610408
1992,1,3.04945756510547
1992,2,3.05486517134992
1992,3,3.05754243258797
1992,4,3.06444195508275
1992,5,3.07601963891463
1992,6,3.07806705948678
1992,7,3.09251339861962
1992,8,3.11925718268932
1992,9,3.1201781352559
1992,10,3.1201781352559
1992,11,3.14252278512989
1992,12,3.1474912800221
1993,1,3.14690684237382
1993,2,3.14392959333446
1993,3,3.15838469896236
1993,4,3.15838469896236
1993,5,3.15847892579224
1993,6,3.15245538460966
1993,7,3.14664613732426
1993,8,3.1441884891857
1993,9,3.14125021874724
1993,10,3.14100520967871
1993,11,3.13834939213021
1993,12,3.13834939213021
1994,1,3.13646090753177
1994,2,3.13408893237315
1994,3,3.13337725016425
1994,4,3.13192070079992
1994,5,3.12892507154674
1994,6,3.12813211149779
1994,7,3.12590968230916
1994,8,3.12590968230916
1994,9,3.12736112336395
1994,10,3.12733331377224
1994,11,3.12733331377224
1994,12,3.12941460451293
1995,1,3.13108410341423
1995,2,3.13204379122369
1995,3,3.13191442199231
1995,4,3.13191442199231
1995,5,3.13179792474992
1995,6,3.13244407443194
1995,7,3.13244407443194
1995,8,3.13244407443194
1995,9,3.13244407443194
1995,10,3.13578273935961
1995,11,3.13578273935961
1995,12,3.13641532083421
1996,1,3.15385967812129
1996,2,3.16804453293789
1996,3,3.16655668192647
1996,4,3.17396972029362
1996,5,3.17709633000895
1996,6,3.17913144359842
1996,7,3.18198040683909
1996,8,3.18243234165048
1996,9,3.18803257775997
1996,10,3.19746007915818
1996,11,3.20656106659946
1996,12,3.20446271440736
1997,1,3.21613655360649
1997,2,3.22495226146004
1997,3,3.24146153505672
1997,4,3.28607241658524
1997,5,3.28916336558638
1997,6,3.29019364116394
1997,7,3.29046027001652
1997,8,3.30598898345914
1997,9,3.35319743499439
1997,10,3.41034345669083
1997,11,3.54821559336414
1997,12,3.57033309838643
1998,1,3.57161630297927
1998,2,3.57327498531972
1998,3,3.5741423199785
1998,4,3.57411764873741
1998,5,3.58861919806116
1998,6,3.59520872549022
1998,7,3.61086800171926
1998,8,3.64121522082176
1998,9,3.69125581188025
1998,10,3.69633286751038
1998,11,3.71653147276785
1998,12,3.75102094389396
1999,1,3.76211798335877
1999,2,3.77745772689179
1999,3,3.79962029672036
1999,4,3.8066752151795
1999,5,3.80989872671175
1999,6,3.80783574194059
1999,7,3.81393115815881
1999,8,3.81813038058369
1999,9,3.8231824713362
1999,10,3.82503775678981
1999,11,3.82768466258374
1999,12,3.82931977286901
2000,1,3.8287785684345
2000,2,3.83409638776283
2000,3,3.83668475018405
2000,4,3.84584396711501
2000,5,3.85613074057219
2000,6,3.88062440998109
2000,7,3.95349353248191
2000,8,3.8937646553934
2000,9,3.85206346213754
2000,10,3.63238162227902
2000,11,3.21176480497423
2000,12,3.15481431587254
2001,1,3.08832213474479
2001,2,2.90093700991854
2001,3,2.8284945709769
2001,4,2.7370280711865
2001,5,2.68027668188539
2001,6,2.66275677369279
2001,7,2.43643368243192
2001,8,2.29959801253692
2001,9,1.14592774316972
2001,10,0
2001,11,0
2001,12,0
2002,1,0
2002,2,0
2002,3,0
2002,4,0
2002,5,0
2002,6,0
2002,7,0
2002,8,0
2002,9,0
2002,10,0
2002,11,0
2002,12,0
2003,1,0
2003,2,0
2003,3,0
2003,4,0
2003,5,0
2003,6,0
2003,7,0
2003,8,0
2003,9,0
2003,10,0
2003,11,0
2003,12,0
2004,1,0
2004,2,0
2004,3,0
2004,4,0
2004,5,0
2004,6,0
2004,7,0
2004,8,0
2004,9,0
2004,10,0
2004,11,0
2004,12,0
2005,1,0
2005,2,0
2005,3,0
2005,4,0
2005,5,0
2005,6,0
2005,7,0
2005,8,0
2005,9,0
2005,10,0
2005,11,0
2005,12,0
2006,1,0
2006,2,0
2006,3,0
2006,4,0
2006,5,0
2006,6,0
2006,7,0
2006,8,0
2006,9,0
2006,10,0
2006,11,0
2006,12,0
2007,1,0
2007,2,0
2007,3,0
2007,4,0
2007,5,0
2007,6,0
2007,7,0
2007,8,0
2007,9,0
2007,10,0
2007,11,0
2007,12,0
2008,1,0
2008,2,0
2008,3,0
2008,4,0
2008,5,0
2008,6,0
2008,7,0
2008,8,0
2008,9,0
2008,10,0
2008,11,0
2008,12,0
2009,1,0
2009,2,0
2009,3,0
2009,4,0
2009,5,0
2009,6,0
2009,7,0
2009,8,0
2009,9,0
2009,10,0
2009,11,0
2009,12,0
2010,1,0
2010,2,0
2010,3,0
2010,4,0
2010,5,0
2010,6,0
2010,7,0
2010,8,0
2010,9,0
2010,10,0
2010,11,0
2010,12,0
2011,1,0
2011,2,0
2011,3,0
2011,4,0
2011,5,0
2011,6,0
2011,7,0
2011,8,0
2011,9,0
2011,10,0
2011,11,0
2011,12,0
2012,1,0
2012,2,0
2012,3,0
2012,4,0
2012,5,0
2012,6,0
2012,7,0
2012,8,0
2012,9,0
2012,10,0
2012,11,0
2012,12,0
2013,1,0
2013,2,0
2013,3,0
2013,4,0
2013,5,0
2013,6,0
2013,7,0
2013,8,0
2013,9,0
2013,10,0
2013,11,0
2013,12,0
2014,1,0
2014,2,0
2014,3,19.4579891690631
2014,4,19.4066895530407
2014,5,19.3560879510887
2014,6,19.3154701292342
2014,7,19.3045833328921
2014,8,19.1026441601173
2014,9,19.2278929094428
2014,10,19.3766620340616
2014,11,19.3977333793291
2014,12,19.4024356229184
2015,1,19.3939304466486
2015,2,19.2110625027251
2015,3,18.9264879644268
2015,4,18.8733462886704
2015,5,18.8353853144276
2015,6,18.7076963120308
2015,7,18.4745630146085
2015,8,18.6440165113813
2015,9,18.7048054807141
2015,10,18.701478511049
2015,11,18.4512389120553
2015,12,18.4412251669156
