Year,Month,Concentration
1986,1,18121.3559150966
1986,2,18121.3559150966
1986,3,18121.3559150966
1986,4,18121.3559150966
1986,5,18121.3559150966
1986,6,18121.3559150966
1986,7,18121.3559150966
1986,8,18121.3559150966
1986,9,18121.3559150966
1986,10,18121.3559150966
1986,11,18121.3559150966
1986,12,18171.8511711912
1987,1,18181.7641723287
1987,2,18196.6336740351
1987,3,18196.6336740351
1987,4,18210.921934016
1987,5,18253.7867139588
1987,6,18264.3534744982
1987,7,18269.2263870276
1987,8,18276.5357558217
1987,9,18276.5357558217
1987,10,18231.1039445695
1987,11,18200.8160704013
1987,12,18200.8160704013
1988,1,18210.984875474
1988,2,18217.7640788558
1988,3,18217.7640788558
1988,4,18258.2237938379
1988,5,18327.0839035696
1988,6,18318.238258844
1988,7,18322.8807749333
1988,8,18292.595428409
1988,9,18180.4285993082
1988,10,18123.7919967482
1988,11,17893.0488581019
1988,12,17556.2001617454
1989,1,17479.0537347398
1989,2,17370.9367612851
1989,3,17240.6865426158
1989,4,17169.3654006259
1989,5,17106.6562628735
1989,6,16867.9409544327
1989,7,16654.7517573806
1989,8,16472.9008788181
1989,9,16241.2782042333
1989,10,15968.3274535882
1989,11,15755.6300572487
1989,12,15678.3152417192
1990,1,15103.9708781366
1990,2,14542.905087719
1990,3,14465.52218977
1990,4,14402.0642747821
1990,5,14345.1904775932
1990,6,13964.8180276996
1990,7,12509.7478200724
1990,8,11885.3156225927
1990,9,11787.5198034832
1990,10,11584.6726724498
1990,11,10968.8053572039
1990,12,10963.4103685673
1991,1,10838.5830121398
1991,2,10359.4123830335
1991,3,10276.342269742
1991,4,10198.7988365671
1991,5,9835.53207805007
1991,6,9779.4508985821
1991,7,9759.0768688007
1991,8,9695.46063410851
1991,9,9691.71941608655
1991,10,9691.71941608655
1991,11,9578.81765319297
1991,12,9578.81765319297
1992,1,9600.48925513025
1992,2,9561.97550943008
1992,3,9532.33697891509
1992,4,9527.95650484002
1992,5,9493.2956390898
1992,6,9458.17818288203
1992,7,9421.47122246275
1992,8,9377.63692405784
1992,9,9356.91227416509
1992,10,9323.5194860744
1992,11,9283.89210519578
1992,12,9278.81996226235
1993,1,9272.58506300446
1993,2,9281.8946601382
1993,3,9213.6156607987
1993,4,9247.78566362032
1993,5,9198.20862915063
1993,6,9154.16034307087
1993,7,9156.57489991813
1993,8,9161.02978687637
1993,9,9145.41976558397
1993,10,9140.1931702179
1993,11,9123.88791958395
1993,12,9114.07368991023
1994,1,9114.76587823274
1994,2,9117.91162397367
1994,3,9092.88900900304
1994,4,9084.54813734616
1994,5,9039.99477127928
1994,6,8896.19680433188
1994,7,8476.67086959764
1994,8,8391.04267113783
1994,9,8028.55749576683
1994,10,7629.3307212385
1994,11,7433.45740950659
1994,12,7404.31608437766
1995,1,7379.63009345144
1995,2,7379.33834273654
1995,3,7370.63033208726
1995,4,7311.1927928458
1995,5,7157.86620444368
1995,6,7014.70196335179
1995,7,7011.1398757851
1995,8,7011.1398757851
1995,9,7011.1398757851
1995,10,6881.47563316981
1995,11,6881.47563316981
1995,12,6881.47563316981
1996,1,6872.04676794807
1996,2,6862.61790272633
1996,3,6862.61790272633
1996,4,6862.61790272633
1996,5,6862.61790272633
1996,6,6862.61790272633
1996,7,6856.15428136639
1996,8,6840.4463062813
1996,9,6829.71517791184
1996,10,6829.71517791184
1996,11,6829.71517791184
1996,12,6764.36087566278
1997,1,6470.05586822582
1997,2,6376.77728894861
1997,3,6127.37203319846
1997,4,5956.27485064507
1997,5,5947.3630590907
1997,6,5946.87661281425
1997,7,5942.36404266624
1997,8,5936.71957655503
1997,9,5933.67097367108
1997,10,5933.13847130059
1997,11,5919.09733661476
1997,12,5921.80139394175
1998,1,5921.47560016544
1998,2,5909.79863708557
1998,3,5529.81455096785
1998,4,5236.74713626299
1998,5,5299.3264508017
1998,6,5319.37933403432
1998,7,5320.22201404939
1998,8,5287.84498116716
1998,9,4976.41207994894
1998,10,4841.47026910114
1998,11,4825.18571194921
1998,12,4743.39226897387
1999,1,4634.34924049236
1999,2,4597.43040439199
1999,3,4575.20592933124
1999,4,4540.61848728099
1999,5,4482.26569997363
1999,6,4397.89566637747
1999,7,4335.66570863476
1999,8,4322.66461673204
1999,9,4317.24310659152
1999,10,4287.84941190269
1999,11,4253.06537061297
1999,12,4190.9099732128
2000,1,3974.20719492014
2000,2,3353.25324574041
2000,3,3158.02526895079
2000,4,3131.99744697477
2000,5,3067.99213856454
2000,6,2651.76673201924
2000,7,2550.60875369663
2000,8,2545.09042077146
2000,9,2552.29848986234
2000,10,2559.53018691662
2000,11,2563.10162769458
2000,12,1837.85062282273
2001,1,753.012878062404
2001,2,754.712844405443
2001,3,757.978109394207
2001,4,761.061839043597
2001,5,762.354747841628
2001,6,763.708523733813
2001,7,760.489638850406
2001,8,758.314422511408
2001,9,757.169953805041
2001,10,754.813872983437
2001,11,721.066266564135
2001,12,701.559464049674
2002,1,687.553940780071
2002,2,669.276064030282
2002,3,668.739587166858
2002,4,669.782284299061
2002,5,656.051375554415
2002,6,653.0560763965
2002,7,653.298963598282
2002,8,650.215572174729
2002,9,650.883070063662
2002,10,652.209481503705
2002,11,654.402007252436
2002,12,655.253867218651
2003,1,655.608195653637
2003,2,646.73627917776
2003,3,641.696726797144
2003,4,635.281586180423
2003,5,587.013155982399
2003,6,566.724797522758
2003,7,299.286318935711
2003,8,210.144145764394
2003,9,210.543163180845
2003,10,210.71603374786
2003,11,211.346937281887
2003,12,211.556926725024
2004,1,212.279462434575
2004,2,213.253569553881
2004,3,213.315017516183
2004,4,213.776230975779
2004,5,214.83932787893
2004,6,214.564116898884
2004,7,214.07910548357
2004,8,212.970512444282
2004,9,211.406180606866
2004,10,210.546662868599
2004,11,209.643011632825
2004,12,209.059477929583
2005,1,208.329557809901
2005,2,206.761235114447
2005,3,206.37404180374
2005,4,206.25436333908
2005,5,206.110599587396
2005,6,206.070550794061
2005,7,206.068082177009
2005,8,205.244782597557
2005,9,204.730823038445
2005,10,204.933351991676
2005,11,205.014398771068
2005,12,205.630028023549
2006,1,205.853510733989
2006,2,206.563922281889
2006,3,206.676592522273
2006,4,206.369321698857
2006,5,205.629130342349
2006,6,205.727546357434
2006,7,205.850876553166
2006,8,205.740013241513
2006,9,205.761565745161
2006,10,203.955646138281
2006,11,200.520877269715
2006,12,196.134401459724
2007,1,191.462990311694
2007,2,188.409895940969
2007,3,186.382272202377
2007,4,185.494288177194
2007,5,185.452561010366
2007,6,185.701053482246
2007,7,186.280005263536
2007,8,187.126148608189
2007,9,186.970650583783
2007,10,185.485375167524
2007,11,183.18035862826
2007,12,183.223535181439
2008,1,182.529431200026
2008,2,181.873328225684
2008,3,181.259666583811
2008,4,181.436864909146
2008,5,181.342103127516
2008,6,181.345430057826
2008,7,181.488716907909
2008,8,179.994387121915
2008,9,178.161212659116
2008,10,177.799059677839
2008,11,177.412057869452
2008,12,177.334363771713
2009,1,177.296800327179
2009,2,177.275880736988
2009,3,177.17030231591
2009,4,177.126720005635
2009,5,177.021412880838
2009,6,176.949383577186
2009,7,177.233279255227
2009,8,177.140928108105
2009,9,177.076454808537
2009,10,176.613132979898
2009,11,175.910381730007
2009,12,175.703098043715
2010,1,175.815613010674
2010,2,175.001237009994
2010,3,174.085458946936
2010,4,173.859237554372
2010,5,173.680762154699
2010,6,173.260437806285
2010,7,172.55320872178
2010,8,170.885356748255
2010,9,169.720896795915
2010,10,169.233696857462
2010,11,168.662300952176
2010,12,168.318652939343
2011,1,168.043361194564
2011,2,167.670803025332
2011,3,167.294080884635
2011,4,167.18126350723
2011,5,167.225098664335
2011,6,166.906497904986
2011,7,166.869400900907
2011,8,166.823047686847
2011,9,166.799236365098
2011,10,167.024941521773
2011,11,166.880751276744
2011,12,166.499037485977
2012,1,166.283176997503
2012,2,165.802047549106
2012,3,165.371810171097
2012,4,165.34891671112
2012,5,165.196614671097
2012,6,165.217185764878
2012,7,164.81780411526
2012,8,164.366327832084
2012,9,160.47435874621
2012,10,157.179262441258
2012,11,156.317168561406
2012,12,155.818162065912
2013,1,155.653429950924
2013,2,154.253114137024
2013,3,152.855881789426
2013,4,152.968727166501
2013,5,152.397148057061
2013,6,152.518781743671
2013,7,152.867334581607
2013,8,152.798220124091
2013,9,152.739773435526
2013,10,152.731599357822
2013,11,152.529324503282
2013,12,152.284914291574
2014,1,152.120459457209
2014,2,151.901643934505
2014,3,151.76312342163
2014,4,151.562488167725
2014,5,151.479719656479
2014,6,151.524529432887
2014,7,151.491777740091
2014,8,151.549875104907
2014,9,151.842248280432
2014,10,152.306244641523
2014,11,153.512563800254
2014,12,153.790313483391
2015,1,154.26593141307
2015,2,154.437574041131
2015,3,154.468349183808
2015,4,154.46240234401
2015,5,154.496562140999
2015,6,153.902354492319
2015,7,154.284551455628
2015,8,154.683631320039
2015,9,154.931602357022
2015,10,154.961480320543
2015,11,154.942222738368
2015,12,154.92098208595
