Year,Month,Concentration
1986,1,2.67423032794993
1986,2,2.67423032794993
1986,3,2.67423032794993
1986,4,2.67423032794993
1986,5,2.6795111638654
1986,6,2.68743241773859
1986,7,2.68743241773859
1986,8,2.68743241773859
1986,9,2.68743241773859
1986,10,2.68743241773859
1986,11,2.68743241773859
1986,12,2.68743241773859
1987,1,2.68743241773859
1987,2,2.71047611747348
1987,3,2.81870354628146
1987,4,2.85477935588411
1987,5,2.85477935588411
1987,6,2.85477935588411
1987,7,2.85477935588411
1987,8,2.85477935588411
1987,9,2.85477935588411
1987,10,2.89109852906003
1987,11,2.9153113111773
1987,12,2.9153113111773
1988,1,2.90986313443933
1988,2,2.88710544112253
1988,3,2.88710544112253
1988,4,2.88019711294206
1988,5,2.86015257347737
1988,6,2.83350718604355
1988,7,2.80404868299892
1988,8,2.73336596654427
1988,9,2.6898833467597
1988,10,2.68972004154483
1988,11,2.68972004154483
1988,12,2.67869404170859
1989,1,2.67834483865889
1989,2,2.68410359117242
1989,3,2.68282861256576
1989,4,2.6852867402476
1989,5,2.69165824903151
1989,6,2.67976920851414
1989,7,2.68434629612988
1989,8,2.68456798897175
1989,9,2.6886760272966
1989,10,2.68920018898614
1989,11,2.68856223677323
1989,12,2.68856223677323
1990,1,2.68861061547817
1990,2,2.67884761352464
1990,3,2.67655058463669
1990,4,2.6796885871811
1990,5,2.64619216731831
1990,6,2.64619216731831
1990,7,2.59814543434671
1990,8,2.46378636130016
1990,9,2.46256867726752
1990,10,2.46293608994228
1990,11,2.46479772348285
1990,12,2.46536683555495
1991,1,2.46591983108399
1991,2,2.47088930117366
1991,3,2.47830508294582
1991,4,2.48034116115579
1991,5,2.48130862931111
1991,6,2.47995988599954
1991,7,2.47995988599954
1991,8,2.48376658043146
1991,9,2.4836384058057
1991,10,2.48401238349113
1991,11,2.485219420865
1991,12,2.48610690429698
1992,1,2.48606682624488
1992,2,2.49114144533016
1992,3,2.49322550322572
1992,4,2.50080481905598
1992,5,2.5088537940151
1992,6,2.51089795963816
1992,7,2.5136723656072
1992,8,2.52460274080296
1992,9,2.52672247108503
1992,10,2.52672247108503
1992,11,2.53906301043724
1992,12,2.54115121209251
1993,1,2.54017627141194
1993,2,2.53724982638016
1993,3,2.54750574828703
1993,4,2.54776166017837
1993,5,2.54778044472777
1993,6,2.54025016330591
1993,7,2.53653910842106
1993,8,2.53454960897405
1993,9,2.5308210618755
1993,10,2.52978119378082
1993,11,2.52751138006346
1993,12,2.52751138006346
1994,1,2.52655958956896
1994,2,2.52577133272644
1994,3,2.52602830615287
1994,4,2.52622321595321
1994,5,2.52635207406791
1994,6,2.5239888975535
1994,7,2.51969091188431
1994,8,2.51969091188431
1994,9,2.51880654771387
1994,10,2.51526909103213
1994,11,2.51526909103213
1994,12,2.51642877104045
1995,1,2.51775670657971
1995,2,2.52061954559087
1995,3,2.52217078727016
1995,4,2.52217078727016
1995,5,2.52042472003703
1995,6,2.52027885476432
1995,7,2.51882523647285
1995,8,2.51906138952101
1995,9,2.51906138952101
1995,10,2.52168645343182
1995,11,2.52161576294189
1995,12,2.52306297723823
1996,1,2.53966194766905
1996,2,2.55377198945071
1996,3,2.55438151071283
1996,4,2.55902971705658
1996,5,2.55796539758704
1996,6,2.56024828896551
1996,7,2.56709696310092
1996,8,2.56831378014473
1996,9,2.57361715536397
1996,10,2.58028703062959
1996,11,2.58476653693263
1996,12,2.5832181466764
1997,1,2.59156764802353
1997,2,2.59382140193216
1997,3,2.59959032233993
1997,4,2.62556977863951
1997,5,2.62528405540108
1997,6,2.62541998021417
1997,7,2.62470708549861
1997,8,2.63100655145931
1997,9,2.65345265716594
1997,10,2.68105502699654
1997,11,2.80233926314465
1997,12,2.82236045605562
1998,1,2.82528073252282
1998,2,2.82172875553731
1998,3,2.81481344686302
1998,4,2.81092719471776
1998,5,2.81319118656334
1998,6,2.81947498080738
1998,7,2.83702137490047
1998,8,2.85588231999028
1998,9,2.89258322063781
1998,10,2.89635501974576
1998,11,2.90829227980468
1998,12,2.92321578488905
1999,1,2.92539604666523
1999,2,2.92529467640713
1999,3,2.92927652412415
1999,4,2.93138483263532
1999,5,2.9287254812142
1999,6,2.92954594115192
1999,7,2.93165218047301
1999,8,2.93320862951092
1999,9,2.93404048788009
1999,10,2.93388330347291
1999,11,2.93524484998077
1999,12,2.93735253245974
2000,1,2.92870929125915
2000,2,2.92932024437558
2000,3,2.93306789782628
2000,4,2.93714309568478
2000,5,2.94265387637348
2000,6,2.93574536897776
2000,7,2.86986482445337
2000,8,2.81650074494452
2000,9,2.74333487480168
2000,10,2.5242293660988
2000,11,2.36456476411298
2000,12,2.32333930232547
2001,1,2.34589168155094
2001,2,2.37337420439335
2001,3,0.950995263092184
2001,4,0
2001,5,0
2001,6,0
2001,7,0
2001,8,0
2001,9,0
2001,10,0
2001,11,0
2001,12,0
2002,1,0
2002,2,0
2002,3,0
2002,4,0
2002,5,0
2002,6,0
2002,7,0
2002,8,0
2002,9,0
2002,10,0
2002,11,0
2002,12,0
2003,1,0
2003,2,0
2003,3,0
2003,4,0
2003,5,0
2003,6,0
2003,7,0
2003,8,0
2003,9,0
2003,10,0
2003,11,0
2003,12,0
2004,1,0
2004,2,0
2004,3,1.458582206163
2004,4,2.92306806596285
2004,5,2.93185998171992
2004,6,2.91739635295749
2004,7,2.79163966772616
2004,8,2.70604567999196
2004,9,2.68186537585024
2004,10,2.65639686108285
2004,11,2.62495301473613
2004,12,2.63261358318376
2005,1,2.61949883375828
2005,2,2.61360942636946
2005,3,2.61240443046269
2005,4,2.63690307663415
2005,5,2.61313546875076
2005,6,2.61495755178247
2005,7,2.61256090580104
2005,8,2.61943010356929
2005,9,2.62288994959231
2005,10,2.63426914339162
2005,11,2.66398801924609
2005,12,2.68145827222481
2006,1,2.69139764901256
2006,2,2.72535397298281
2006,3,2.72775119022196
2006,4,2.73922426720081
2006,5,2.8092770828594
2006,6,2.82620944099391
2006,7,2.83767811900283
2006,8,2.90325989110687
2006,9,2.9459053415195
2006,10,2.94238763012626
2006,11,2.84906719977802
2006,12,2.81563365023499
2007,1,2.79394408231345
2007,2,2.84361442116772
2007,3,2.91333348477852
2007,4,2.88871111713888
2007,5,9.12475714095513
2007,6,10.3084666098619
2007,7,15.2240023438538
2007,8,14.9562013155068
2007,9,14.7741111497645
2007,10,14.690379095839
2007,11,14.7011508820519
2007,12,14.7044547837957
2008,1,14.6842174550321
2008,2,14.6219224921594
2008,3,14.5691545919139
2008,4,14.5609845655053
2008,5,14.5639741266508
2008,6,14.5670396798499
2008,7,14.5541360182582
2008,8,14.5825687819895
2008,9,14.5926470563125
2008,10,14.6016090928843
2008,11,14.6138391509213
2008,12,14.6208776324489
2009,1,14.6611855819805
2009,2,14.6311125692028
2009,3,14.6305846067121
2009,4,14.6328262020816
2009,5,14.6255790117281
2009,6,14.6301423117875
2009,7,14.6367219087825
2009,8,14.5260800889987
2009,9,14.5099353504863
2009,10,14.5118625101048
2009,11,14.4733304282608
2009,12,14.4694351635498
2010,1,14.477289702426
2010,2,14.5893634730161
2010,3,14.611682425603
2010,4,14.6138854437628
2010,5,14.6214259235885
2010,6,14.5877144549681
2010,7,14.3737858218188
2010,8,14.3703355030354
2010,9,14.337524137302
2010,10,14.3505122194267
2010,11,14.3460942676768
2010,12,14.3551974639626
2011,1,14.3168122951619
2011,2,14.2916645591484
2011,3,14.2697722775613
2011,4,14.2483430286863
2011,5,14.1853293766907
2011,6,14.166351323861
2011,7,14.2037873651497
2011,8,14.3182954509183
2011,9,14.5193952322074
2011,10,14.661265136403
2011,11,14.760803303916
2011,12,14.9441308958598
2012,1,15.2716260385949
2012,2,16.2270293012349
2012,3,16.4176142834869
2012,4,16.7197054575445
2012,5,16.7577990625923
2012,6,16.9938509222853
2012,7,17.2343227797307
2012,8,17.3477603821
2012,9,17.3688429426009
2012,10,17.35714197164
2012,11,17.3979893144531
2012,12,17.3862514080412
2013,1,17.2769652696647
2013,2,17.446075903448
2013,3,17.3111065126433
2013,4,17.0860000114135
2013,5,16.9493685925558
2013,6,16.89216704117
2013,7,16.5194791621214
2013,8,16.080743286119
2013,9,15.9573578834615
2013,10,15.9321083062465
2013,11,15.803567751619
2013,12,15.8066726619159
2014,1,15.8930594427784
2014,2,16.0069944414092
2014,3,16.1121403547596
2014,4,16.143547801176
2014,5,16.2140006992101
2014,6,16.3583159779857
2014,7,16.6082935758926
2014,8,17.3877016233421
2014,9,17.5018546159005
2014,10,17.5608283501023
2014,11,17.6021277048468
2014,12,17.5822738376806
2015,1,17.5872866126037
2015,2,17.5528838306581
2015,3,17.5452748896852
2015,4,17.5637818268205
2015,5,17.5458312700219
2015,6,17.5584482875424
2015,7,17.5567868929941
2015,8,17.5613751845331
2015,9,17.5862777158252
2015,10,17.6107799156776
2015,11,17.679419791589
2015,12,17.6586913147334
