Year,Month,Concentration
1986,1,28.3803939537392
1986,2,28.3803939537392
1986,3,28.3803939537392
1986,4,28.3803939537392
1986,5,28.3803939537392
1986,6,28.3803939537392
1986,7,28.3803939537392
1986,8,28.3803939537392
1986,9,28.3803939537392
1986,10,28.3668210547277
1986,11,28.3668210547277
1986,12,28.3668210547277
1987,1,28.3668210547277
1987,2,28.3666913348843
1987,3,28.3677031557362
1987,4,28.3677031557362
1987,5,28.3677031557362
1987,6,28.3677031557362
1987,7,28.3715869582026
1987,8,28.3741761598469
1987,9,28.3741761598469
1987,10,28.3741761598469
1987,11,28.3643470108588
1987,12,28.355453616505
1988,1,28.355453616505
1988,2,28.355453616505
1988,3,28.355453616505
1988,4,28.3584814139084
1988,5,28.3611139590358
1988,6,28.3630659323608
1988,7,28.4196443918048
1988,8,28.4235690406025
1988,9,28.391797239207
1988,10,28.3802323363388
1988,11,28.3802323363388
1988,12,28.3747227009432
1989,1,28.3710496106795
1989,2,28.8353575296064
1989,3,29.1456657273794
1989,4,29.1510495640563
1989,5,29.1526892736885
1989,6,29.1522979888106
1989,7,29.1544021908801
1989,8,29.1523081143913
1989,9,29.1705044447746
1989,10,29.2570994640904
1989,11,29.2896501394396
1989,12,29.2913146542374
1990,1,29.3276266167098
1990,2,29.3673521882269
1990,3,29.3942238636535
1990,4,29.4294764302076
1990,5,29.4266096503341
1990,6,29.4266096503341
1990,7,29.4025361275115
1990,8,29.4086104052641
1990,9,29.4048706362092
1990,10,29.3778632994986
1990,11,29.3708104467181
1990,12,29.3600286553375
1991,1,29.3276832811955
1991,2,29.3223181745647
1991,3,29.3255526687161
1991,4,29.3438699345176
1991,5,29.3458350838482
1991,6,29.3458350838482
1991,7,29.3458350838482
1991,8,29.3434091222365
1991,9,29.3434091222365
1991,10,29.3435148414102
1991,11,29.2745300561261
1991,12,29.268588113998
1992,1,29.2011079698061
1992,2,29.1273120377514
1992,3,29.1177366989135
1992,4,29.0941278757175
1992,5,29.0546763924849
1992,6,29.0625477821484
1992,7,29.059823292445
1992,8,29.0898464616338
1992,9,29.1003484472597
1992,10,29.1029877074864
1992,11,29.1346121528854
1992,12,29.1713263221276
1993,1,29.163998160866
1993,2,29.1548544484959
1993,3,29.1867554289844
1993,4,29.1926158046371
1993,5,29.200811729273
1993,6,29.2156356391056
1993,7,29.2156356391056
1993,8,29.2078414261957
1993,9,29.243197061327
1993,10,29.2454077833126
1993,11,29.2542506712548
1993,12,29.2267500103626
1994,1,29.2153777835802
1994,2,29.2355434199616
1994,3,29.2274214974858
1994,4,29.2274214974858
1994,5,29.2274214974858
1994,6,29.2274214974858
1994,7,29.2274214974858
1994,8,29.2274214974858
1994,9,29.2301585103522
1994,10,29.2411065618179
1994,11,29.2439805607732
1994,12,29.2034986634376
1995,1,29.2021628893648
1995,2,29.2021628893648
1995,3,29.1908233964581
1995,4,29.1902020989262
1995,5,29.1732981711135
1995,6,29.1281780654634
1995,7,29.1281780654634
1995,8,29.1281780654634
1995,9,29.12430538051
1995,10,29.1165067153853
1995,11,29.1167446109519
1995,12,29.1169825065185
1996,1,29.1169825065185
1996,2,29.1169825065185
1996,3,29.117581918859
1996,4,29.0005840068704
1996,5,28.9576981616486
1996,6,28.9142801254986
1996,7,28.8808537837679
1996,8,28.8930693123848
1996,9,28.9967710847317
1996,10,29.021858362893
1996,11,29.0024209549663
1996,12,28.8858514377515
1997,1,28.8834145586328
1997,2,28.8777021223814
1997,3,28.822737849698
1997,4,28.8096889341934
1997,5,28.8070852625061
1997,6,28.8480580663232
1997,7,28.8527547379003
1997,8,28.8932549967601
1997,9,28.8937278729788
1997,10,28.9008003783074
1997,11,28.8384948609558
1997,12,28.7774633545437
1998,1,28.8041703898471
1998,2,28.7952495221997
1998,3,28.7827272306446
1998,4,28.8283799652165
1998,5,28.8271455521743
1998,6,28.8134028935362
1998,7,28.8474820490317
1998,8,28.8611045271758
1998,9,28.9696910826732
1998,10,28.9738706645214
1998,11,29.0131635238961
1998,12,29.0053411848081
1999,1,28.9252217319533
1999,2,28.8891908119975
1999,3,28.9528329360535
1999,4,28.8967965114311
1999,5,28.935018591265
1999,6,28.9232181049084
1999,7,28.9674404482896
1999,8,28.9932185691643
1999,9,28.9788876501233
1999,10,28.9723174668458
1999,11,29.0015628239869
1999,12,29.0405431886497
2000,1,29.1241864427615
2000,2,29.2185251122679
2000,3,29.2780240483943
2000,4,29.2396124237579
2000,5,29.258836919263
2000,6,29.2528388351732
2000,7,29.2687366207683
2000,8,29.2876635233106
2000,9,29.266047604117
2000,10,29.5957299671242
2000,11,30.8072741328516
2000,12,31.9076305992853
2001,1,30.9652936911009
2001,2,31.2832807302309
2001,3,32.4418468652381
2001,4,33.3348327084357
2001,5,33.6145062417416
2001,6,33.6823159518251
2001,7,34.1080373413385
2001,8,34.7770624745612
2001,9,34.8437832316048
2001,10,35.0032257636013
2001,11,35.963469135005
2001,12,36.8669803770948
2002,1,37.1994996821007
2002,2,37.3156541667559
2002,3,37.3752552724105
2002,4,37.5682595813471
2002,5,37.8870522781413
2002,6,38.1701131099265
2002,7,38.2256462894673
2002,8,38.211529720296
2002,9,38.2497660334985
2002,10,38.3275972018267
2002,11,38.4595931269723
2002,12,38.8476266024487
2003,1,39.0333022331473
2003,2,39.1969871893014
2003,3,39.1860734948156
2003,4,39.1571661093495
2003,5,38.9525808570211
2003,6,38.8467965127528
2003,7,38.4569675999862
2003,8,38.0635813378101
2003,9,37.4668031153315
2003,10,37.2729196787597
2003,11,37.255076244762
2003,12,36.9055180104298
2004,1,36.7149226591006
2004,2,36.4299815566484
2004,3,36.5589762653452
2004,4,36.5163947350925
2004,5,36.4405930124368
2004,6,36.26035871176
2004,7,35.7735444776386
2004,8,35.631942938993
2004,9,35.5242742739117
2004,10,35.0697633962485
2004,11,34.8958444954733
2004,12,34.7882162525858
2005,1,34.3072923107272
2005,2,33.9809161177824
2005,3,33.6315408493019
2005,4,33.5952366639706
2005,5,33.2633173121515
2005,6,32.9311501676574
2005,7,32.4476159093595
2005,8,32.1064835970005
2005,9,32.0454033742205
2005,10,31.9569685368746
2005,11,31.8065082289546
2005,12,31.7288269515277
2006,1,31.7962385906191
2006,2,31.7337439803433
2006,3,31.6116285457552
2006,4,31.6583188457022
2006,5,31.7039091142943
2006,6,31.5536853540247
2006,7,31.3781376451576
2006,8,31.1869227982874
2006,9,31.1401206571348
2006,10,31.1289740933796
2006,11,31.213937877698
2006,12,31.3924569497767
2007,1,31.3783808590124
2007,2,31.2385904186127
2007,3,31.1655181178477
2007,4,30.9676861988154
2007,5,30.5010573015397
2007,6,30.6140890940624
2007,7,30.650424358897
2007,8,30.5967286264512
2007,9,30.54066957665
2007,10,30.2896818742056
2007,11,30.2107947084439
2007,12,30.2706493433195
2008,1,30.4409159578761
2008,2,30.4989343355561
2008,3,30.3915258065562
2008,4,30.1969843972874
2008,5,30.1755776180185
2008,6,30.1398504296239
2008,7,29.8043583224211
2008,8,29.116654004516
2008,9,29.0278793828654
2008,10,28.7337952018342
2008,11,27.8355290058999
2008,12,27.2162781218301
2009,1,26.8182054699266
2009,2,25.7471256323313
2009,3,25.7131251187756
2009,4,25.5810375503405
2009,5,24.9399398490929
2009,6,24.4465129634033
2009,7,24.1140664989828
2009,8,23.86663951261
2009,9,23.8077033920063
2009,10,23.8806591263279
2009,11,23.6897785542928
2009,12,23.6330815445319
2010,1,24.0208488873518
2010,2,23.9537112682164
2010,3,24.0084547847321
2010,4,24.0121618183837
2010,5,23.9768009184174
2010,6,23.8129930164006
2010,7,23.7804373664132
2010,8,23.4693886073227
2010,9,23.3117068062911
2010,10,23.2689399199543
2010,11,23.1461353400834
2010,12,22.4447955769575
2011,1,22.1802628863454
2011,2,21.8588179884409
2011,3,21.4874895325617
2011,4,21.349804585838
2011,5,21.1693786312009
2011,6,20.748460673243
2011,7,20.5683483754758
2011,8,20.3471711782487
2011,9,20.2414886579128
2011,10,20.1450986068553
2011,11,20.1216838017082
2011,12,19.8865521238658
2012,1,19.6190988301778
2012,2,19.5408228614783
2012,3,19.4143025068825
2012,4,19.3557509078436
2012,5,19.3255932360573
2012,6,19.3279583431452
2012,7,18.9757436171264
2012,8,18.4207270549784
2012,9,18.5983516725013
2012,10,18.7305732575555
2012,11,18.6932359623807
2012,12,18.787157821727
2013,1,18.2806553770294
2013,2,18.0090382658664
2013,3,17.9516760323046
2013,4,17.9710127472073
2013,5,17.9372993498232
2013,6,17.8312744529785
2013,7,17.5627324184651
2013,8,17.8652974708499
2013,9,18.0503580197117
2013,10,17.9782089040951
2013,11,17.9765500384248
2013,12,17.136432833809
2014,1,16.783475599223
2014,2,16.4686642091324
2014,3,16.3803905200471
2014,4,16.2956426049716
2014,5,15.8579225457114
2014,6,15.5490970604315
2014,7,15.4306422102382
2014,8,15.4464459748751
2014,9,15.4739307924925
2014,10,15.4432507878547
2014,11,15.3863051668324
2014,12,15.4163145084308
2015,1,15.461892825062
2015,2,15.549432480234
2015,3,16.2051606661136
2015,4,16.4915087517915
2015,5,16.3539107489231
2015,6,16.3016081836072
2015,7,16.1136716672012
2015,8,15.715625065829
2015,9,15.1764405124722
2015,10,15.0595204784143
2015,11,15.0906516535181
2015,12,15.392652713763
2016,1,15.773543988517
2016,2,15.7599627275465
2016,3,14.839328222164
2016,4,14.3678058522433
2016,5,13.9859984385122
2016,6,14.1525088127873
2016,7,14.1923649284526
2016,8,14.2902237391233
2016,9,15.1195594372058
2016,10,15.5146769960723
2016,11,15.8801669018026
2016,12,14.8945217655631
2017,1,13.9799197624493
2017,2,13.7169345695404
2017,3,13.1469711910341
2017,4,13.0435249160156
2017,5,13.0324681531452
2017,6,13.0457583622433
2017,7,13.0966927505963
2017,8,13.3717001358523
2017,9,13.7013411936921
2017,10,13.7498870044913
2017,11,13.5775376073655
2017,12,13.0101279337053
2018,1,12.8825894989633
2018,2,12.7525603473329
2018,3,12.7336637983101
2018,4,12.6872925704725
2018,5,12.710761011165
2018,6,12.7551208002906
2018,7,12.7374787763857
2018,8,12.743417740207
2018,9,12.7810543710841
2018,10,12.8165046641074
2018,11,12.8132161188747
2018,12,12.7926521165206
2019,1,12.7496528071856
2019,2,12.7115848552804
2019,3,12.7507622113958
2019,4,12.7367436455644
2019,5,12.707529206737
2019,6,12.7049268667525
2019,7,12.7049268667525
2019,8,12.7049268667525
2019,9,12.7049268667525
2019,10,12.7049268667525
2019,11,12.7049268667525
2019,12,12.7049268667525
