Year,Month,Concentration
1986,1,169.538012740169
1986,2,169.538012740169
1986,3,169.538012740169
1986,4,169.538012740169
1986,5,169.538012740169
1986,6,169.538012740169
1986,7,169.538012740169
1986,8,169.538012740169
1986,9,169.538012740169
1986,10,169.538012740169
1986,11,169.538012740169
1986,12,169.538012740169
1987,1,169.538012740169
1987,2,169.538012740169
1987,3,169.538012740169
1987,4,169.538012740169
1987,5,169.538012740169
1987,6,169.538012740169
1987,7,169.538012740169
1987,8,169.538012740169
1987,9,169.538012740169
1987,10,169.538012740169
1987,11,169.538012740169
1987,12,169.538012740169
1988,1,169.538012740169
1988,2,169.538012740169
1988,3,169.538012740169
1988,4,169.538012740169
1988,5,169.538012740169
1988,6,169.538012740169
1988,7,169.538012740169
1988,8,169.550083873782
1988,9,169.562155007396
1988,10,169.571577970212
1988,11,169.581000933029
1988,12,169.721987358777
1989,1,169.786477042378
1989,2,169.786477042378
1989,3,169.786477042378
1989,4,169.675973400468
1989,5,169.675973400468
1989,6,169.675973400468
1989,7,169.675973400468
1989,8,169.675973400468
1989,9,169.675973400468
1989,10,169.647938378824
1989,11,169.563833313893
1989,12,169.563833313893
1990,1,169.563833313893
1990,2,169.563833313893
1990,3,169.563833313893
1990,4,169.563833313893
1990,5,169.378428521515
1990,6,169.378428521515
1990,7,169.378428521515
1990,8,169.390396815512
1990,9,169.390396815512
1990,10,169.333901745616
1990,11,169.345991511917
1990,12,169.42005961128
1991,1,169.642263909368
1991,2,169.578977979109
1991,3,169.557882669022
1991,4,169.557882669022
1991,5,169.514065701129
1991,6,169.514065701129
1991,7,169.514065701129
1991,8,169.55160253072
1991,9,169.607907775106
1991,10,169.607907775106
1991,11,169.656815281793
1991,12,169.656815281793
1992,1,169.646715005464
1992,2,169.585001369799
1992,3,169.580873719433
1992,4,169.59280114507
1992,5,169.683759091412
1992,6,169.703516721589
1992,7,169.703516721589
1992,8,169.770533039991
1992,9,169.971581995199
1992,10,169.971581995199
1992,11,170.182895644961
1992,12,170.253333528215
1993,1,170.253333528215
1993,2,170.253333528215
1993,3,170.253333528215
1993,4,170.253333528215
1993,5,170.253333528215
1993,6,170.213539204051
1993,7,170.265974293135
1993,8,170.279083065406
1993,9,170.279083065406
1993,10,170.279083065406
1993,11,170.279083065406
1993,12,170.279083065406
1994,1,170.279083065406
1994,2,170.267203273636
1994,3,170.225632742747
1994,4,170.246158002789
1994,5,170.263795613202
1994,6,170.263795613202
1994,7,170.260911752047
1994,8,170.267764324562
1994,9,170.267764324562
1994,10,170.267764324562
1994,11,170.267764324562
1994,12,170.267764324562
1995,1,170.287604673803
1995,2,170.174137801561
1995,3,170.131949410605
1995,4,170.131949410605
1995,5,170.11593036685
1995,6,170.099911323095
1995,7,170.099911323095
1995,8,170.099911323095
1995,9,170.099911323095
1995,10,170.070338787359
1995,11,170.070338787359
1995,12,170.070338787359
1996,1,170.070338787359
1996,2,170.073854857807
1996,3,170.071737931462
1996,4,170.121149116691
1996,5,170.247630471006
1996,6,170.249821876559
1996,7,170.363329270998
1996,8,170.556051668797
1996,9,170.559392488335
1996,10,170.635765282838
1996,11,170.543282722879
1996,12,170.479748522051
1997,1,171.076841847269
1997,2,171.709333967245
1997,3,171.860936619413
1997,4,172.185956295573
1997,5,172.354695810549
1997,6,172.537220747039
1997,7,173.217760765694
1997,8,173.721668349567
1997,9,173.867753003498
1997,10,175.269950950796
1997,11,177.336400269768
1997,12,178.917783210066
1998,1,182.383562743733
1998,2,185.524075719871
1998,3,186.551520490085
1998,4,186.964441017048
1998,5,187.432476367494
1998,6,187.941031877155
1998,7,187.725198446289
1998,8,187.839772504578
1998,9,187.869741161391
1998,10,188.007750901437
1998,11,188.050799621181
1998,12,187.971772851001
1999,1,187.90215773286
1999,2,187.897207565777
1999,3,187.877018963989
1999,4,187.702142414296
1999,5,187.689562653739
1999,6,187.619555501356
1999,7,187.494326778067
1999,8,187.180614102091
1999,9,186.440007089771
1999,10,185.576865957854
1999,11,185.414571976895
1999,12,185.500851452805
2000,1,185.305946135901
2000,2,185.436299576782
2000,3,186.314144687461
2000,4,187.776912209228
2000,5,187.987807775771
2000,6,188.101519021206
2000,7,188.204953037071
2000,8,188.503789052043
2000,9,188.863728224425
2000,10,189.031855024266
2000,11,189.077252015622
2000,12,188.84811451948
2001,1,188.678083370696
2001,2,188.636699018407
2001,3,188.256141629505
2001,4,188.0006929206
2001,5,187.980172365985
2001,6,187.938803963104
2001,7,188.396709929323
2001,8,189.566084774598
2001,9,192.465654895405
2001,10,197.949194996306
2001,11,201.977505251621
2001,12,205.094464878612
2002,1,206.627254117794
2002,2,206.860263144487
2002,3,206.213029585417
2002,4,205.990473738801
2002,5,202.80925165843
2002,6,196.752428498218
2002,7,195.472198773819
2002,8,194.913352165379
2002,9,194.526236004337
2002,10,194.741117446342
2002,11,190.469154772063
2002,12,187.781959728311
2003,1,187.752074151141
2003,2,188.241466680991
2003,3,186.9279813487
2003,4,185.201463026098
2003,5,184.691569159023
2003,6,183.712574103146
2003,7,183.641779366173
2003,8,181.706442857186
2003,9,178.647400387117
2003,10,179.430797565433
2003,11,180.69484404977
2003,12,181.016091108675
2004,1,181.50129928289
2004,2,181.156979205397
2004,3,179.750035825727
2004,4,178.792292165664
2004,5,178.268292752503
2004,6,177.452520317077
2004,7,176.414104166003
2004,8,176.036358677803
2004,9,176.036020913656
2004,10,176.335739528752
2004,11,142.426363228119
2004,12,37.2299949004521
2005,1,37.58104433107
2005,2,38.1967880330216
2005,3,38.1591627414581
2005,4,38.1053539239951
2005,5,37.8280506832814
2005,6,37.3201367348744
2005,7,36.147171429019
2005,8,35.4398166103469
2005,9,35.4015481383083
2005,10,35.1990798619207
2005,11,35.5324491743175
2005,12,35.4450821416189
2006,1,34.6389063889282
2006,2,34.1187572702898
2006,3,33.8905896028605
2006,4,33.341814560051
2006,5,32.4729407926533
2006,6,32.3696120502633
2006,7,32.0004263219321
2006,8,31.0771265615671
2006,9,30.8805158511966
2006,10,30.550180575835
2006,11,29.6293076599705
2006,12,29.7134302642485
2007,1,29.7262818975248
2007,2,29.361962490342
2007,3,28.9013591498422
2007,4,27.8578943592461
2007,5,28.2601149027813
2007,6,28.2992870383665
2007,7,27.9302903412373
2007,8,2.3376010479202
2007,9,2.36762960048313
2007,10,2.37698423914014
2007,11,2.40015577001187
2007,12,2.34013586816143
2008,1,2.30237728278714
2008,2,2.27909929356881
2008,3,2.24883810985848
2008,4,2.18820604145502
2008,5,2.1797996055154
2008,6,2.16160332801701
2008,7,2.15369665865312
2008,8,2.12549418301292
2008,9,2.11374015398906
2008,10,2.09628173524583
2008,11,2.0856826999921
2008,12,2.08617161039055
2009,1,2.08624664520011
2009,2,2.06260978826521
2009,3,2.04788010402858
2009,4,2.03600901595305
2009,5,2.02153013315952
2009,6,2.00748058471157
2009,7,1.9914982290971
2009,8,1.96450573817829
2009,9,1.9568544336475
2009,10,1.95440284357737
2009,11,1.9544074412233
2009,12,1.95205995527008
2010,1,1.95023356400909
2010,2,1.96173843816833
2010,3,1.9588504696002
2010,4,1.95814854105169
2010,5,1.95653206142845
2010,6,1.95403937709499
2010,7,1.95216899348896
2010,8,1.9278304474474
2010,9,1.90132022851983
2010,10,1.89205140388406
2010,11,1.87665680905105
2010,12,1.86881957954427
2011,1,1.86560722904262
2011,2,1.85965421096797
2011,3,1.78151544150122
2011,4,1.7671609953503
2011,5,1.74343419248068
2011,6,1.73153150331742
2011,7,1.71820073389315
2011,8,1.71058203255781
2011,9,1.69331645918962
2011,10,1.7047342599725
2011,11,1.71191285037397
2011,12,1.71500557462095
2012,1,1.68625966703246
2012,2,1.67816377584315
2012,3,1.68004553429384
2012,4,1.69403950005765
2012,5,1.7119196112077
2012,6,1.70641194973806
2012,7,1.70861039824564
2012,8,1.71736835720085
2012,9,1.73038160871064
2012,10,1.71285297384276
2012,11,1.71355912657019
2012,12,1.71677120419096
2013,1,1.71924281303169
2013,2,1.73338618559977
2013,3,1.74316579586347
2013,4,1.77362030905194
2013,5,1.7959476411144
2013,6,1.80440237963554
2013,7,1.81261645315744
2013,8,1.81732945976316
2013,9,1.82306707949994
2013,10,1.82408615070266
2013,11,1.83159404366388
2013,12,1.83585696060359
2014,1,1.83875630681358
2014,2,1.83772614027152
2014,3,1.83661050440153
2014,4,1.83081466926864
2014,5,1.81806108558673
2014,6,1.780244194772
2014,7,1.77282633603297
2014,8,1.77339426503251
2014,9,1.77693504678367
2014,10,1.76098372810317
2014,11,1.75246695223445
2014,12,1.76087631422931
2015,1,1.76051748244026
2015,2,1.75823692132777
2015,3,1.76153564272811
2015,4,1.76327409100292
2015,5,1.78155279534752
2015,6,1.82752855509036
2015,7,1.85221624550458
2015,8,1.89708796377205
2015,9,1.94524850691598
2015,10,1.95313961432465
2015,11,1.97242648434531
2015,12,2.01581065468314
2016,1,2.02255507845575
2016,2,2.05503555630416
2016,3,2.10513975546133
2016,4,2.11048462282272
2016,5,2.12514029791793
2016,6,2.09953454733449
2016,7,2.0552674056688
2016,8,2.05315325395649
2016,9,2.06240825074636
2016,10,2.0735289608651
2016,11,2.10418163106737
2016,12,2.06729675717147
2017,1,2.06753023503815
2017,2,2.11621540601478
2017,3,2.14489663136732
2017,4,2.17243269846701
2017,5,2.1969733663895
2017,6,2.19505118828483
2017,7,2.15472024509902
2017,8,2.15015406221289
2017,9,2.15102611630037
2017,10,2.15738359316856
2017,11,2.1584597735018
2017,12,2.19050732821453
2018,1,2.23538565989255
2018,2,2.25819845568393
2018,3,2.28053015785544
2018,4,2.28953027659801
2018,5,2.28665312688802
2018,6,2.29344100794946
2018,7,2.30739266473303
2018,8,2.30860136155631
2018,9,2.31730192409472
2018,10,2.310805137686
2018,11,2.3117638474002
2018,12,2.31449835483915
2019,1,2.32539048563177
2019,2,2.32959649949675
2019,3,2.34676431894773
2019,4,2.35556950582207
2019,5,2.36133411502664
2019,6,2.3683057106589
2019,7,2.38322690321347
2019,8,2.41301490330383
2019,9,2.44169271241179
2019,10,2.45475166454539
2019,11,2.49989384760298
2019,12,2.50372895799777
