Year,Month,Concentration
1986,1,0
1986,2,0
1986,3,0
1986,4,0
1986,5,0
1986,6,0
1986,7,0
1986,8,0
1986,9,0
1986,10,0
1986,11,0
1986,12,0
1987,1,0
1987,2,0
1987,3,0
1987,4,0
1987,5,0
1987,6,0
1987,7,0
1987,8,0
1987,9,0
1987,10,0
1987,11,0
1987,12,0
1988,1,0
1988,2,0
1988,3,0
1988,4,0
1988,5,0
1988,6,0
1988,7,0
1988,8,0
1988,9,0
1988,10,0
1988,11,0
1988,12,0
1989,1,0
1989,2,0
1989,3,0
1989,4,0
1989,5,0
1989,6,0
1989,7,0
1989,8,0
1989,9,0
1989,10,0
1989,11,0
1989,12,0
1990,1,0
1990,2,0
1990,3,0
1990,4,0
1990,5,0
1990,6,0
1990,7,0
1990,8,0
1990,9,0
1990,10,0
1990,11,0
1990,12,0
1991,1,0
1991,2,0
1991,3,0
1991,4,0
1991,5,0
1991,6,0
1991,7,0
1991,8,0
1991,9,0
1991,10,0
1991,11,0
1991,12,0
1992,1,0
1992,2,0
1992,3,0
1992,4,0
1992,5,0
1992,6,0
1992,7,0
1992,8,0
1992,9,0
1992,10,0
1992,11,0
1992,12,0
1993,1,0
1993,2,0
1993,3,0
1993,4,0
1993,5,0
1993,6,0
1993,7,0
1993,8,0
1993,9,0
1993,10,0
1993,11,0
1993,12,0
1994,1,0
1994,2,0
1994,3,0
1994,4,0
1994,5,0
1994,6,0
1994,7,0
1994,8,0
1994,9,0
1994,10,0
1994,11,0
1994,12,0
1995,1,0
1995,2,0
1995,3,0
1995,4,0
1995,5,0
1995,6,0
1995,7,0
1995,8,0
1995,9,0
1995,10,0
1995,11,0
1995,12,0
1996,1,0
1996,2,0
1996,3,0
1996,4,0
1996,5,0
1996,6,0
1996,7,0
1996,8,0
1996,9,0
1996,10,0
1996,11,0
1996,12,0
1997,1,0
1997,2,0
1997,3,0
1997,4,0
1997,5,0
1997,6,0
1997,7,0
1997,8,0
1997,9,0
1997,10,0
1997,11,0
1997,12,0
1998,1,0
1998,2,0
1998,3,0
1998,4,0
1998,5,0
1998,6,0
1998,7,0
1998,8,0
1998,9,0
1998,10,0
1998,11,0
1998,12,0
1999,1,0
1999,2,0
1999,3,0
1999,4,0
1999,5,0
1999,6,0
1999,7,0
1999,8,0
1999,9,0
1999,10,0
1999,11,0
1999,12,0
2000,1,0
2000,2,0
2000,3,0
2000,4,0
2000,5,0
2000,6,0
2000,7,0
2000,8,0
2000,9,0
2000,10,0
2000,11,0
2000,12,0
2001,1,0
2001,2,0
2001,3,0
2001,4,0
2001,5,0
2001,6,0
2001,7,0
2001,8,0
2001,9,1.56767412169445
2001,10,2.19837679165363
2001,11,2.21078055695671
2001,12,2.22791890764874
2002,1,2.25740449498691
2002,2,2.27007640309788
2002,3,2.28904318050499
2002,4,2.31624786119181
2002,5,2.35909170467694
2002,6,2.3842817448748
2002,7,2.40348260518218
2002,8,2.45959518100058
2002,9,2.4976262119261
2002,10,2.5264309024971
2002,11,2.56865299863349
2002,12,2.61855540289902
2003,1,2.67823236631314
2003,2,2.70802607366897
2003,3,2.69466999235655
2003,4,2.68046485159369
2003,5,2.67025045560351
2003,6,2.65594387251678
2003,7,2.64422602077311
2003,8,2.6325082664675
2003,9,2.61947345232418
2003,10,2.60870212713107
2003,11,2.59678667319411
2003,12,2.5852391955729
2004,1,2.59713686704626
2004,2,2.62154831930526
2004,3,2.62763389148757
2004,4,2.57756551728113
2004,5,2.52233742819555
2004,6,2.52155112397598
2004,7,2.52302885167166
2004,8,2.52433323161561
2004,9,2.52114189479926
2004,10,2.52003846911993
2004,11,2.51947369515488
2004,12,2.51363166837765
2005,1,2.51422585540256
2005,2,2.52579566575536
2005,3,2.5539092743338
2005,4,2.58356027349571
2005,5,2.60810371160704
2005,6,2.66928241838292
2005,7,2.70467146277035
2005,8,2.71798441522423
2005,9,2.7564765210993
2005,10,2.82320493746953
2005,11,3.0162804649219
2005,12,3.11107632853688
2006,1,3.14244772744652
2006,2,3.17354024169402
2006,3,3.19664415266774
2006,4,3.23737388294095
2006,5,3.27177955202891
2006,6,3.33959634416768
2006,7,3.39021744276431
2006,8,3.42540553431089
2006,9,3.44311890475251
2006,10,3.48495435925724
2006,11,3.51734459343794
2006,12,3.51189347946056
2007,1,3.51102994345462
2007,2,3.50533997636799
2007,3,3.49646032599297
2007,4,3.49340699543432
2007,5,3.49571641625637
2007,6,3.50144365707025
2007,7,3.50736885376018
2007,8,3.50948509364972
2007,9,3.52636482730571
2007,10,3.53478864090954
2007,11,3.54241031742792
2007,12,3.53616860141007
2008,1,3.53405399827295
2008,2,3.52014150463035
2008,3,3.5126146258139
2008,4,3.50454705701596
2008,5,3.49209328441602
2008,6,3.46149081624716
2008,7,3.4474866439951
2008,8,3.43609770648988
2008,9,3.41761237772424
2008,10,3.39473814342347
2008,11,3.3787120872195
2008,12,3.35476583291797
2009,1,3.31937717117058
2009,2,3.30506297302181
2009,3,3.30437410987062
2009,4,3.30160349600305
2009,5,3.29853462371773
2009,6,3.28497783120857
2009,7,3.27244028580288
2009,8,3.23513033621836
2009,9,3.22768517103243
2009,10,3.22392657765215
2009,11,3.20904762938353
2009,12,3.18576373217846
2010,1,3.16942497453492
2010,2,3.15229855064619
2010,3,3.144829288094
2010,4,3.13815567851796
2010,5,3.12230513347013
2010,6,3.12139172685977
2010,7,3.11720968796789
2010,8,3.11532786317495
2010,9,3.1126181035569
2010,10,3.11264591052781
2010,11,3.11612181021655
2010,12,3.10993010930564
2011,1,3.10194274187345
2011,2,3.09331485737561
2011,3,3.08959619540229
2011,4,3.08722064342328
2011,5,3.08439826928902
2011,6,3.08147052088933
2011,7,3.08074690083778
2011,8,3.08347040807242
2011,9,3.07485223840765
2011,10,3.06967284338882
2011,11,3.07089797213289
2011,12,3.06774395447042
2012,1,3.07255209791819
2012,2,3.10098234219382
2012,3,3.10754536989545
2012,4,3.11792950284679
2012,5,3.11926626901393
2012,6,3.13093449571902
2012,7,3.13188971764048
2012,8,3.139674612752
2012,9,3.14677019722804
2012,10,3.15048032013794
2012,11,3.16026224760844
2012,12,3.1690184770552
2013,1,3.17012494563554
2013,2,3.17488748114236
2013,3,3.19144267009303
2013,4,3.19334202646813
2013,5,3.19569183277011
2013,6,3.20412720875826
2013,7,3.21120240149908
2013,8,3.21268482990362
2013,9,3.21412640993776
2013,10,3.21060798236778
2013,11,3.21337558947777
2013,12,3.2171636649463
2014,1,3.22753024901277
2014,2,3.22690892719752
2014,3,3.22357260226465
2014,4,3.22408805672135
2014,5,3.22436136773293
2014,6,3.22656192187454
2014,7,3.22216051919722
2014,8,3.21862949101595
2014,9,3.21456894749504
2014,10,3.2033733807606
2014,11,3.19341073736579
2014,12,3.19437117185463
2015,1,3.19554631021752
2015,2,3.18644604202591
2015,3,3.17346779344201
2015,4,3.15817892997089
2015,5,3.16333342179901
2015,6,3.15659427642825
2015,7,3.14740802134762
2015,8,3.1374926888957
2015,9,3.12769505326946
2015,10,3.12092521349228
2015,11,3.10110130367666
2015,12,3.10206539403022
2016,1,3.09978170964411
2016,2,3.07854644638978
2016,3,3.04875947947264
2016,4,3.05541249970159
2016,5,3.06410546558499
2016,6,3.05942101435553
2016,7,3.05685358781419
2016,8,3.05570248100057
2016,9,3.0363354278284
2016,10,3.02774410899405
2016,11,3.016196821279
2016,12,3.0143993448568
2017,1,3.01166916963542
2017,2,3.00844045600864
2017,3,3.01065748335891
2017,4,3.009965976745
2017,5,3.00631987932268
2017,6,2.99951066141951
2017,7,2.99621678247199
2017,8,2.99325016789782
2017,9,2.99558132783558
2017,10,2.99769040631864
2017,11,2.99683521045691
2017,12,2.99683521045691
