Year,Month,Concentration
1986,1,0
1986,2,0
1986,3,0
1986,4,0
1986,5,0
1986,6,0
1986,7,0
1986,8,0
1986,9,0
1986,10,0
1986,11,0
1986,12,0
1987,1,0
1987,2,0
1987,3,0
1987,4,0
1987,5,0
1987,6,0
1987,7,0
1987,8,0
1987,9,0
1987,10,0
1987,11,0
1987,12,0
1988,1,0
1988,2,0
1988,3,0
1988,4,0
1988,5,0
1988,6,0
1988,7,0
1988,8,0
1988,9,0
1988,10,0
1988,11,0
1988,12,0
1989,1,0
1989,2,0
1989,3,0
1989,4,0
1989,5,0
1989,6,0
1989,7,0
1989,8,0
1989,9,0
1989,10,0
1989,11,0
1989,12,0
1990,1,0
1990,2,0
1990,3,0
1990,4,0
1990,5,0
1990,6,0
1990,7,0
1990,8,0
1990,9,0
1990,10,0
1990,11,0
1990,12,0
1991,1,0
1991,2,0
1991,3,0
1991,4,0
1991,5,0
1991,6,0
1991,7,0
1991,8,0
1991,9,0
1991,10,0
1991,11,0
1991,12,0
1992,1,0
1992,2,0
1992,3,0
1992,4,0
1992,5,0
1992,6,0
1992,7,0
1992,8,0
1992,9,0
1992,10,0
1992,11,0
1992,12,0
1993,1,0
1993,2,0
1993,3,0
1993,4,0
1993,5,0
1993,6,0
1993,7,0
1993,8,0
1993,9,0
1993,10,0
1993,11,0
1993,12,1621.19338470261
1994,1,2026.12881227692
1994,2,2026.12881227692
1994,3,2030.2343978326
1994,4,2034.0818076575
1994,5,2040.92968055644
1994,6,2043.42346695547
1994,7,2043.56387900537
1994,8,2043.91975432799
1994,9,2044.29055090528
1994,10,2040.37999648151
1994,11,2037.59714303397
1994,12,2036.66765924238
1995,1,2036.29589493991
1995,2,2034.9742093391
1995,3,2031.11615217603
1995,4,2031.48231143636
1995,5,2031.48231143636
1995,6,2031.48231143636
1995,7,2031.48231143636
1995,8,2031.48231143636
1995,9,2031.34865485462
1995,10,2031.72273908433
1995,11,2031.72273908433
1995,12,2030.15512356629
1996,1,2026.75608966083
1996,2,2023.74895963488
1996,3,2023.74895963488
1996,4,2020.68229421701
1996,5,2019.66007241105
1996,6,2019.6296474631
1996,7,2019.53209612616
1996,8,2019.53209612616
1996,9,2012.34494762066
1996,10,2005.17746974236
1996,11,2004.83908081609
1996,12,2004.92841685349
1997,1,2005.03912519334
1997,2,2004.00836988099
1997,3,2003.34389197288
1997,4,2002.68738227394
1997,5,2002.66540508068
1997,6,2004.42141087743
1997,7,2005.30238061124
1997,8,2005.50632205845
1997,9,2005.77269582222
1997,10,2000.99831698873
1997,11,1997.56397334569
1997,12,1995.4837507692
1998,1,1998.63433722862
1998,2,2001.39879813281
1998,3,2002.27283064747
1998,4,2004.1472476548
1998,5,2002.53331342267
1998,6,2008.26101563394
1998,7,2009.77774916231
1998,8,2015.84683663015
1998,9,2016.24598671756
1998,10,2014.01885052449
1998,11,2014.24293137622
1998,12,2014.36798463987
1999,1,2017.1718941221
1999,2,2018.2424420096
1999,3,2016.82725644824
1999,4,2015.81056786555
1999,5,2007.13801204542
1999,6,2001.9447315387
1999,7,1995.92923806162
1999,8,1984.67384946511
1999,9,1980.76872893187
1999,10,1980.27211770789
1999,11,1977.79387207373
1999,12,1975.68073314873
2000,1,1971.96977488321
2000,2,1948.84397926246
2000,3,1921.56060122383
2000,4,1923.72155921646
2000,5,1914.80056505276
2000,6,1892.77675862232
2000,7,1876.96299534057
2000,8,1872.19384550956
2000,9,1859.25483028194
2000,10,1858.54817481778
2000,11,1870.91749656444
2000,12,1857.33480827417
2001,1,1851.68338168858
2001,2,1851.27710964414
2001,3,1847.56844667145
2001,4,1839.04938611281
2001,5,1833.62700636743
2001,6,1836.94278685
2001,7,1827.15324231757
2001,8,1811.42907945715
2001,9,1800.01466754045
2001,10,1783.35478184398
2001,11,1744.66215507315
2001,12,1702.35703150828
2002,1,1691.58452803608
2002,2,1683.17081812387
2002,3,1656.59211187156
2002,4,1619.24133357165
2002,5,1556.39643735396
2002,6,1520.01276513479
2002,7,1481.71446639621
2002,8,1446.23162759015
2002,9,1422.66408216579
2002,10,1412.28537412162
2002,11,1378.09303569245
2002,12,1352.38756420193
2003,1,1344.72569743855
2003,2,1328.74490304824
2003,3,1317.10975974374
2003,4,1308.89850328805
2003,5,1301.36812566991
2003,6,1298.51317538573
2003,7,1298.53311920451
2003,8,1298.55764097181
2003,9,1298.53143862193
2003,10,1300.04254915489
2003,11,1303.14938832527
2003,12,1305.18017340592
2004,1,1297.70392972994
2004,2,1284.02052107596
2004,3,1271.6648788038
2004,4,1270.69895382998
2004,5,1268.10262040187
2004,6,1262.42324974826
2004,7,1273.61849365039
2004,8,1269.20571352048
2004,9,1259.00253053476
2004,10,1254.44516133321
2004,11,1253.74446084379
2004,12,1256.62411083279
2005,1,1266.3943583673
2005,2,1267.58993427903
2005,3,1268.85211338739
2005,4,1268.17859005479
2005,5,1253.57949751231
2005,6,1250.95890631508
2005,7,1250.01295030742
2005,8,1248.2827211338
2005,9,1247.85820740585
2005,10,1247.85659237504
2005,11,1253.58881086159
2005,12,1265.03696048008
2006,1,1268.02375128674
2006,2,1271.83862893711
2006,3,1097.69995485739
2006,4,418.873636392857
2006,5,417.267431065255
2006,6,104.205226617782
2006,7,29.4057115985393
2006,8,28.4314979554485
2006,9,28.4993334111542
2006,10,28.7756328136566
2006,11,121.846994923666
2006,12,398.14060814536
2007,1,394.621796577407
2007,2,396.358801446064
2007,3,405.270898575272
2007,4,393.328284279623
2007,5,398.567182334915
2007,6,393.11103240177
2007,7,396.001736295833
2007,8,398.025104220357
2007,9,389.728547261015
2007,10,387.521632893558
2007,11,387.971593082063
2007,12,387.476838628627
2008,1,386.997151208299
2008,2,385.633674733226
2008,3,396.839382651862
2008,4,396.320579743485
2008,5,392.970266525353
2008,6,401.374743058461
2008,7,401.6565206906
2008,8,405.942858018052
2008,9,406.969010521571
2008,10,407.910646519157
2008,11,405.318711858918
2008,12,400.70601307933
2009,1,410.794663618302
2009,2,415.36325599746
2009,3,415.757478601527
2009,4,414.534369268481
2009,5,413.975633848282
2009,6,414.621758208095
2009,7,413.995890007827
2009,8,415.824673611424
2009,9,412.275919403671
2009,10,407.580484961521
2009,11,408.116789257374
2009,12,407.028534347888
2010,1,410.269390155883
2010,2,408.760376864294
2010,3,400.685236272705
2010,4,412.039285600341
2010,5,417.911937858164
2010,6,419.33616366012
2010,7,419.841334146246
2010,8,418.668830457175
2010,9,414.530901788692
2010,10,406.5597416222
2010,11,395.893916579837
2010,12,411.195144974388
2011,1,413.14026622366
2011,2,415.019015522482
2011,3,411.84800791179
2011,4,413.353307677202
2011,5,410.905587556189
2011,6,403.736135918542
2011,7,399.910641856878
2011,8,384.749447428142
2011,9,384.983182658541
2011,10,385.476260018115
2011,11,382.78104018332
2011,12,386.21633326006
2012,1,389.853993932463
2012,2,390.985060411812
2012,3,392.007786644157
2012,4,391.09520816164
2012,5,385.400386793502
2012,6,380.118079164458
2012,7,378.808899432899
2012,8,378.075309446626
2012,9,378.21217025052
2012,10,378.219998150065
2012,11,383.205377970665
2012,12,388.144893502581
2013,1,387.893006576286
2013,2,395.787653864855
2013,3,410.990821172675
2013,4,402.291493146903
2013,5,387.800559766626
2013,6,383.775311213748
2013,7,382.965375972203
2013,8,382.370372462369
2013,9,382.312961958891
2013,10,382.322845588883
2013,11,381.583119443274
2013,12,391.347681528749
2014,1,398.761883576988
2014,2,175.041261818788
2014,3,174.474563669491
2014,4,174.389143488559
2014,5,174.283872571414
2014,6,175.569397080758
2014,7,175.860503188424
2014,8,172.385930576748
2014,9,172.87261811779
2014,10,185.584998648626
2014,11,180.265661797808
2014,12,175.968910001981
2015,1,176.988532223343
2015,2,176.774553790483
2015,3,178.394614941264
2015,4,179.416946500084
2015,5,179.52682594121
2015,6,173.814981883589
2015,7,175.255270412628
2015,8,175.125972956384
2015,9,175.236356790994
2015,10,173.924939181546
2015,11,174.085660137185
2015,12,175.005829201778
2016,1,185.658944864857
2016,2,191.439042368058
2016,3,193.445226862073
2016,4,185.494760860163
2016,5,185.263940342561
2016,6,186.180080374475
2016,7,189.614662713773
2016,8,196.708321846164
2016,9,201.016391080671
2016,10,201.813184228284
2016,11,202.761281800596
2016,12,203.861860435674
2017,1,202.178679224467
2017,2,202.258874621837
2017,3,203.961252265539
2017,4,200.159654383703
2017,5,212.74177956224
2017,6,227.190292411183
2017,7,229.011400014462
2017,8,228.378664960883
2017,9,221.845139456165
2017,10,214.87518279189
2017,11,215.005857338525
2017,12,217.638251674933
2018,1,227.755548471374
2018,2,234.186763786846
2018,3,238.435048611838
2018,4,240.150147723926
2018,5,240.549617498242
2018,6,241.843331044718
2018,7,241.959412308548
2018,8,241.846739417544
2018,9,240.608298588051
2018,10,239.481200174299
2018,11,239.532717393276
2018,12,240.31974156468
2019,1,239.798399384408
2019,2,238.154851293827
2019,3,235.269886453955
2019,4,222.273592012787
2019,5,215.665869643084
2019,6,215.583213470238
2019,7,215.460916325539
2019,8,215.167315339883
2019,9,215.060366243535
2019,10,214.770011834333
2019,11,214.744020496923
2019,12,214.739050738974
