Year,Month,Concentration
1986,1,0
1986,2,0
1986,3,0
1986,4,0
1986,5,0
1986,6,0
1986,7,0
1986,8,0
1986,9,0
1986,10,0
1986,11,0
1986,12,0
1987,1,0
1987,2,0
1987,3,0
1987,4,0
1987,5,0
1987,6,0
1987,7,0
1987,8,0
1987,9,0
1987,10,0
1987,11,0
1987,12,0
1988,1,0
1988,2,0
1988,3,0
1988,4,0
1988,5,0
1988,6,0
1988,7,0
1988,8,0
1988,9,0
1988,10,0
1988,11,0
1988,12,0
1989,1,0
1989,2,0
1989,3,0
1989,4,0
1989,5,0
1989,6,0
1989,7,0
1989,8,0
1989,9,0
1989,10,0
1989,11,0
1989,12,0
1990,1,0
1990,2,0
1990,3,0
1990,4,0
1990,5,0
1990,6,0
1990,7,0
1990,8,0
1990,9,0
1990,10,0
1990,11,0
1990,12,0
1991,1,0
1991,2,0
1991,3,0
1991,4,0
1991,5,0
1991,6,0
1991,7,0
1991,8,0
1991,9,0
1991,10,0
1991,11,0
1991,12,0
1992,1,0
1992,2,0
1992,3,0
1992,4,0
1992,5,0
1992,6,0
1992,7,0
1992,8,0
1992,9,0
1992,10,0
1992,11,0
1992,12,0
1993,1,0
1993,2,0
1993,3,0
1993,4,0
1993,5,0
1993,6,0
1993,7,0
1993,8,0
1993,9,0
1993,10,0
1993,11,0
1993,12,0
1994,1,0
1994,2,0
1994,3,0
1994,4,0
1994,5,0
1994,6,0
1994,7,0
1994,8,0
1994,9,0
1994,10,0
1994,11,0
1994,12,0
1995,1,0
1995,2,0
1995,3,0
1995,4,0
1995,5,0
1995,6,0
1995,7,0
1995,8,0
1995,9,0
1995,10,0
1995,11,0
1995,12,0
1996,1,0
1996,2,0
1996,3,0
1996,4,0
1996,5,0
1996,6,0
1996,7,0
1996,8,0
1996,9,0
1996,10,0
1996,11,0
1996,12,0
1997,1,0
1997,2,0
1997,3,0
1997,4,0
1997,5,0
1997,6,0
1997,7,0
1997,8,0
1997,9,0
1997,10,0
1997,11,19.9826202986715
1997,12,26.1264757926049
1998,1,25.4974241547025
1998,2,25.3536993602578
1998,3,25.303323395947
1998,4,25.2754860134904
1998,5,25.289397063629
1998,6,25.3463520238964
1998,7,25.4195362314064
1998,8,25.7923473125649
1998,9,26.0351294243248
1998,10,26.5629279317273
1998,11,26.7220093013922
1998,12,27.0510812898641
1999,1,27.5742312512989
1999,2,28.13277175911
1999,3,29.589964426261
1999,4,31.2629285489746
1999,5,32.3444821736526
1999,6,32.4285591184194
1999,7,32.6641509948292
1999,8,32.8670773316082
1999,9,33.7015276151549
1999,10,34.3129336344993
1999,11,34.6140038480414
1999,12,34.9640910181431
2000,1,35.0659610082644
2000,2,35.1273412544636
2000,3,35.180839857087
2000,4,35.2708823343859
2000,5,35.8815043230578
2000,6,36.3739484455236
2000,7,36.9144718173609
2000,8,37.2441667011804
2000,9,37.8772720247142
2000,10,38.1029901235294
2000,11,38.0340426055759
2000,12,37.4836418162439
2001,1,36.9746356541174
2001,2,36.8317742422449
2001,3,36.76052034814
2001,4,36.5042934491864
2001,5,36.5151463216828
2001,6,36.4459646785433
2001,7,34.9204240842148
2001,8,32.6142966023726
2001,9,31.0930969253911
2001,10,30.6636342662703
2001,11,29.8152486386078
2001,12,28.3044880515548
2002,1,28.0080692672832
2002,2,27.6783775280921
2002,3,27.2625405506518
2002,4,26.8066743823505
2002,5,26.373772644978
2002,6,25.864110718544
2002,7,25.4115794407464
2002,8,24.1718210357168
2002,9,23.8698164331656
2002,10,23.885747071457
2002,11,23.5156055924183
2002,12,23.2525685529145
2003,1,23.1317129215455
2003,2,22.5672982826024
2003,3,22.4211930400818
2003,4,22.29582262615
2003,5,22.0982839631629
2003,6,22.0401847740145
2003,7,22.05546332348
2003,8,21.9989970013858
2003,9,22.0484718148395
2003,10,22.1364843051588
2003,11,22.340040458468
2003,12,22.470910902264
2004,1,22.5239585881365
2004,2,22.5262060958593
2004,3,22.5998943116649
2004,4,22.6630337967032
2004,5,22.5813087554609
2004,6,22.5299079986889
2004,7,22.4799801005533
2004,8,22.3559237277003
2004,9,22.3016099016698
2004,10,22.1417531287248
2004,11,22.0423090602658
2004,12,21.837206034057
2005,1,20.8856653057543
2005,2,20.7359663957286
2005,3,20.6643534265152
2005,4,20.5959964342229
2005,5,20.5488933030286
2005,6,20.4034045096753
2005,7,20.1547227862801
2005,8,19.8762172089035
2005,9,19.8490959539055
2005,10,19.7302670603559
2005,11,19.6369639430382
2005,12,19.7234089252543
2006,1,19.9377301572743
2006,2,19.9492147913671
2006,3,20.018493138601
2006,4,20.0051804792197
2006,5,20.001907834497
2006,6,20.0166755898018
2006,7,19.9746067891679
2006,8,19.9687454515062
2006,9,19.9968096560229
2006,10,20.0115873075166
2006,11,19.9975761701108
2006,12,20.0267535423034
2007,1,20.2422319431402
2007,2,20.4564944147576
2007,3,20.6935266812317
2007,4,20.7598029241843
2007,5,20.7669537238141
2007,6,20.7616571641191
2007,7,20.7403693825713
2007,8,20.637690682659
2007,9,20.6526709633612
2007,10,20.6805229060716
2007,11,20.7470752748421
2007,12,20.7706240365711
2008,1,20.8631891791371
2008,2,20.9289801736935
2008,3,20.9377603717596
2008,4,20.9251514082276
2008,5,20.9101675286527
2008,6,20.9167519015101
2008,7,20.8733218739748
2008,8,20.8009490026543
2008,9,20.9708201855977
2008,10,21.1774504466168
2008,11,21.3641083265166
2008,12,21.3902487322692
2009,1,21.4065480331184
2009,2,21.3719948902979
2009,3,21.3705411302488
2009,4,21.5707527957836
2009,5,21.7063525861511
2009,6,21.7955477869256
2009,7,21.8422385808669
2009,8,21.968280954046
2009,9,22.3175229033425
2009,10,22.4639885161558
2009,11,22.4956394075231
2009,12,22.503385159711
2010,1,22.4879518658922
2010,2,22.4497270048053
2010,3,22.4247897474728
2010,4,22.3519046189486
2010,5,22.2410321696234
2010,6,22.0548423036124
2010,7,21.8137329074175
2010,8,21.7403242190319
2010,9,21.7300146959604
2010,10,21.8052353166535
2010,11,21.854372057193
2010,12,21.8866610113943
2011,1,21.9789280300142
2011,2,21.9466834256745
2011,3,21.8877965142716
2011,4,21.8733957480988
2011,5,21.8540221079352
2011,6,21.866419934818
2011,7,21.8640414859044
2011,8,21.9308343748054
2011,9,21.9095300674985
2011,10,21.9109600531798
2011,11,21.9974493753099
2011,12,21.9437974042116
2012,1,21.8982629261694
2012,2,21.9263191476007
2012,3,21.9589310086518
2012,4,21.9943635113957
2012,5,22.1369711563021
2012,6,22.2994536279786
2012,7,22.2817414009799
2012,8,22.1900991784072
2012,9,22.2020775979731
2012,10,22.2835129609704
2012,11,22.3508283432542
2012,12,22.6738617472082
2013,1,22.9712318400114
2013,2,18.1617516532611
2013,3,15.3041195644087
2013,4,23.6803567016375
2013,5,23.706453642776
2013,6,23.6269321770425
2013,7,23.5751104774732
2013,8,23.5432633767058
2013,9,23.5607098176515
2013,10,23.5416015319664
2013,11,23.5367164228873
2013,12,23.5669342618918
2014,1,23.6359317640526
2014,2,23.5187324478754
2014,3,23.5230694429215
2014,4,23.5118813994932
2014,5,23.5147965462783
2014,6,23.5086121727487
2014,7,23.4979857255231
2014,8,23.573882609935
2014,9,23.6747186808591
2014,10,23.7311690123427
2014,11,23.7636313988715
2014,12,23.8028087329065
2015,1,23.8017829133852
2015,2,23.7805626192432
2015,3,23.7490070846596
2015,4,23.7323870431383
2015,5,23.7564014530706
2015,6,23.7069349883253
2015,7,23.852907666968
2015,8,24.1151411443944
2015,9,24.1090796650802
2015,10,24.1324621404357
2015,11,24.1126367441179
2015,12,24.0625711302206
2016,1,24.0484843447141
2016,2,24.013123380155
2016,3,24.0082453896931
2016,4,24.0240759174187
2016,5,24.0294728538408
2016,6,24.0369904331878
2016,7,23.9893934745781
2016,8,23.8544866188737
2016,9,23.8308575868808
2016,10,23.7997670223166
2016,11,23.7433247924378
2016,12,23.740561713294
2017,1,23.7371195248997
2017,2,23.7892455388412
2017,3,23.8151006204974
2017,4,23.8517445243548
2017,5,23.8573542070094
2017,6,23.8726816725287
2017,7,23.8678081171438
2017,8,23.8932182503169
2017,9,23.9567177953086
2017,10,23.9623797965866
2017,11,23.9624407902783
2017,12,23.9624407902783
