Year,Month,Concentration
1986,1,0
1986,2,0
1986,3,0
1986,4,0
1986,5,0
1986,6,0
1986,7,0
1986,8,0
1986,9,0
1986,10,0
1986,11,0
1986,12,0
1987,1,0
1987,2,0
1987,3,0
1987,4,0
1987,5,0
1987,6,0
1987,7,0
1987,8,0
1987,9,0
1987,10,0
1987,11,0
1987,12,0
1988,1,0
1988,2,0
1988,3,0
1988,4,0
1988,5,0
1988,6,0
1988,7,0
1988,8,0
1988,9,0
1988,10,0
1988,11,0
1988,12,0
1989,1,0
1989,2,0
1989,3,0
1989,4,0
1989,5,0
1989,6,0
1989,7,0
1989,8,0
1989,9,0
1989,10,0
1989,11,0
1989,12,0
1990,1,0
1990,2,0
1990,3,0
1990,4,0
1990,5,0
1990,6,0
1990,7,0
1990,8,0
1990,9,0
1990,10,0
1990,11,0
1990,12,0
1991,1,0
1991,2,0
1991,3,0
1991,4,0
1991,5,0
1991,6,0
1991,7,0
1991,8,0
1991,9,0
1991,10,0
1991,11,0
1991,12,0
1992,1,0
1992,2,0
1992,3,0
1992,4,0
1992,5,0
1992,6,0
1992,7,0
1992,8,0
1992,9,0
1992,10,0
1992,11,0
1992,12,0
1993,1,0
1993,2,0
1993,3,0
1993,4,0
1993,5,0
1993,6,0
1993,7,0
1993,8,0
1993,9,0
1993,10,0
1993,11,0
1993,12,0
1994,1,0
1994,2,0
1994,3,0
1994,4,0
1994,5,0
1994,6,0
1994,7,0
1994,8,0
1994,9,0
1994,10,0
1994,11,0
1994,12,0
1995,1,0
1995,2,0
1995,3,0
1995,4,0
1995,5,0
1995,6,0
1995,7,0
1995,8,0
1995,9,0
1995,10,0
1995,11,0
1995,12,0
1996,1,0
1996,2,0
1996,3,0
1996,4,0
1996,5,0
1996,6,0
1996,7,0
1996,8,0
1996,9,0
1996,10,0
1996,11,0
1996,12,0
1997,1,0
1997,2,0
1997,3,0
1997,4,0
1997,5,0
1997,6,0
1997,7,0
1997,8,0
1997,9,0
1997,10,0
1997,11,0
1997,12,0
1998,1,0
1998,2,0
1998,3,0
1998,4,0
1998,5,0
1998,6,0
1998,7,0
1998,8,0
1998,9,0
1998,10,0
1998,11,0
1998,12,0
1999,1,0
1999,2,0
1999,3,0
1999,4,0
1999,5,0
1999,6,0
1999,7,0
1999,8,0
1999,9,0
1999,10,0
1999,11,0
1999,12,0
2000,1,0
2000,2,0
2000,3,0
2000,4,0
2000,5,0
2000,6,0
2000,7,0
2000,8,0
2000,9,0
2000,10,0
2000,11,0
2000,12,0
2001,1,0
2001,2,0
2001,3,0
2001,4,0
2001,5,0
2001,6,0
2001,7,0
2001,8,0
2001,9,0
2001,10,0
2001,11,0
2001,12,0
2002,1,0
2002,2,0
2002,3,0
2002,4,0
2002,5,0
2002,6,0
2002,7,0
2002,8,0
2002,9,0
2002,10,0
2002,11,0
2002,12,0
2003,1,0
2003,2,0
2003,3,0
2003,4,0
2003,5,0
2003,6,0
2003,7,0
2003,8,0
2003,9,0
2003,10,0
2003,11,0
2003,12,0
2004,1,0
2004,2,0
2004,3,0
2004,4,0
2004,5,0
2004,6,0
2004,7,0
2004,8,0
2004,9,0
2004,10,0
2004,11,0
2004,12,0
2005,1,0
2005,2,0
2005,3,0
2005,4,0
2005,5,0
2005,6,0
2005,7,0
2005,8,0
2005,9,0
2005,10,0
2005,11,0
2005,12,0
2006,1,0
2006,2,0
2006,3,0
2006,4,0
2006,5,0
2006,6,0.753760402403399
2006,7,1.89542904085388
2006,8,1.89537721680446
2006,9,1.87464066248504
2006,10,1.86597520430253
2006,11,1.90953068861418
2006,12,1.96878610679226
2007,1,2.13432480941567
2007,2,2.16577441099691
2007,3,2.15320747181505
2007,4,2.1964740958799
2007,5,2.2042930011147
2007,6,2.22651238892614
2007,7,2.26527142548603
2007,8,2.38835549944084
2007,9,2.45316408889466
2007,10,2.5387292022528
2007,11,2.54844662005816
2007,12,2.54362111153978
2008,1,2.54231310011437
2008,2,2.54528609104814
2008,3,2.56084222315184
2008,4,2.58733118323407
2008,5,2.5969185182371
2008,6,2.59912619964733
2008,7,2.60880093440189
2008,8,2.62502885337368
2008,9,2.66378468409567
2008,10,2.69839117270072
2008,11,2.71777818233888
2008,12,2.71689222794617
2009,1,2.72138851630186
2009,2,2.7615636304216
2009,3,2.81616130682643
2009,4,2.82265966541228
2009,5,2.79743403077754
2009,6,2.76164326863801
2009,7,2.73952425822493
2009,8,2.72044236435874
2009,9,18.5064609637313
2009,10,23.6628445953715
2009,11,23.5150889574014
2009,12,23.5525163658638
2010,1,23.6354776528837
2010,2,2.71667697668486
2010,3,2.73634913302532
2010,4,2.7453261220086
2010,5,2.74231535161717
2010,6,2.73524652170927
2010,7,2.72563341556972
2010,8,2.71830940349583
2010,9,2.71871770374182
2010,10,20.0965958612705
2010,11,8.19617616586137
2010,12,2.72530948955194
2011,1,8.3751660143568
2011,2,25.3677679231438
2011,3,8.37851097950968
2011,4,25.4155379507364
2011,5,25.5267100052766
2011,6,25.7083398932014
2011,7,26.0202913077977
2011,8,184.1787257481
2011,9,182.117880580567
2011,10,181.571213563493
2011,11,180.834632311119
2011,12,179.874904330533
2012,1,179.359052483185
2012,2,178.960016571309
2012,3,178.595416740791
2012,4,177.809539453595
2012,5,178.054312400493
2012,6,178.080311765672
2012,7,178.354496503592
2012,8,180.277642846933
2012,9,179.853172945888
2012,10,179.91781234475
2012,11,180.681425355534
2012,12,180.080636748399
2013,1,178.961433908865
2013,2,179.301640793576
2013,3,181.206164822464
2013,4,181.376430316982
2013,5,181.476628343641
2013,6,181.9870178538
2013,7,182.458959415366
2013,8,182.500552028183
2013,9,182.377267941799
2013,10,182.098109720471
2013,11,182.218275460696
2013,12,182.404544266991
2014,1,183.560968465016
2014,2,184.422033963994
2014,3,184.520096628234
2014,4,185.081611041522
2014,5,187.752242955472
2014,6,189.039188424611
2014,7,189.508335298926
2014,8,190.481266776766
2014,9,191.093233690735
2014,10,191.868742788711
2014,11,193.176069113537
2014,12,193.618110272654
2015,1,193.991320931003
2015,2,195.944509196169
2015,3,196.919657130565
2015,4,197.177610491626
2015,5,202.023033460217
2015,6,202.884425371764
2015,7,203.476860992362
2015,8,204.386493658024
2015,9,205.153787016407
2015,10,205.770532158224
2015,11,206.322995068135
2015,12,205.746394407637
2016,1,202.870464060296
2016,2,203.371593218354
2016,3,204.573984444268
2016,4,205.978164480658
2016,5,207.468780279795
2016,6,207.78731253957
2016,7,207.571440387289
2016,8,207.565663887246
2016,9,207.732747266127
2016,10,210.072087297471
2016,11,211.490071761974
2016,12,211.301215976304
2017,1,208.552746522918
2017,2,208.742164630113
2017,3,208.378735729174
2017,4,207.859452219754
2017,5,208.048730694487
2017,6,207.853661490455
2017,7,207.745434554087
2017,8,207.032561023871
2017,9,204.923894062744
2017,10,204.863966151215
2017,11,204.694740519717
2017,12,207.029283666044
