Year,Month,Concentration
1986,1,7111.32772202027
1986,2,7111.32772202027
1986,3,7111.32772202027
1986,4,7111.32772202027
1986,5,7111.32772202027
1986,6,7111.32772202027
1986,7,7111.32772202027
1986,8,7111.32772202027
1986,9,7111.32772202027
1986,10,7111.32772202027
1986,11,7111.32772202027
1986,12,7111.32772202027
1987,1,7111.32772202027
1987,2,7111.32772202027
1987,3,7123.5773706557
1987,4,7123.5773706557
1987,5,7123.5773706557
1987,6,7123.5773706557
1987,7,7123.5773706557
1987,8,7129.39917671949
1987,9,7164.31787583815
1987,10,7170.9281184471
1987,11,7188.51422064907
1987,12,7188.51422064907
1988,1,7187.7244225645
1988,2,7187.19789050812
1988,3,7187.19789050812
1988,4,7187.19789050812
1988,5,7202.66292700439
1988,6,7198.92128285531
1988,7,7198.92128285531
1988,8,7198.92128285531
1988,9,7168.53947544402
1988,10,7148.28493716983
1988,11,7117.64940733389
1988,12,7113.2893792286
1989,1,7158.59271529285
1989,2,7148.13073022492
1989,3,7127.94973335635
1989,4,7108.51227274351
1989,5,7114.13520382187
1989,6,7102.35359595234
1989,7,7087.28656753718
1989,8,7062.70925658971
1989,9,7000.65679025144
1989,10,6973.46499753192
1989,11,6963.48546519502
1989,12,6961.89215664221
1990,1,6876.6047774057
1990,2,6733.06845646138
1990,3,6696.61401296314
1990,4,6685.53120405129
1990,5,6669.34092354651
1990,6,6528.89041815915
1990,7,5944.13676591533
1990,8,5694.38680397201
1990,9,5691.69899177913
1990,10,5647.04401464113
1990,11,5432.64221833994
1990,12,5388.11431864072
1991,1,5280.71075655663
1991,2,4912.78414374768
1991,3,4883.79700582166
1991,4,4878.53445766156
1991,5,4822.42251961675
1991,6,4818.65653700315
1991,7,4818.65653700315
1991,8,4799.35282952907
1991,9,4779.55373200121
1991,10,4779.55373200121
1991,11,4721.48990416466
1991,12,4715.65632373989
1992,1,4721.3630778521
1992,2,4707.90204304522
1992,3,4707.90204304522
1992,4,4709.65307777616
1992,5,4703.9588557953
1992,6,4695.25498844624
1992,7,4678.6744233465
1992,8,4665.28012855507
1992,9,4664.47974741141
1992,10,4664.47974741141
1992,11,4642.35391903385
1992,12,4639.07486684652
1993,1,4637.31221879548
1993,2,4636.13712009478
1993,3,4574.11234958144
1993,4,4572.15416392572
1993,5,4571.12917124177
1993,6,4569.65115140771
1993,7,4562.81948588541
1993,8,4536.49477248888
1993,9,4539.50061856685
1993,10,4527.89068701852
1993,11,4481.45096082518
1993,12,4481.45096082518
1994,1,4485.89637234448
1994,2,4490.34178386378
1994,3,4479.12105789349
1994,4,4445.45887998261
1994,5,4445.45887998261
1994,6,4436.70567687339
1994,7,4405.70700262977
1994,8,4397.00009381537
1994,9,4320.3056058801
1994,10,4246.17973051244
1994,11,4211.71255788117
1994,12,4205.52892928774
1995,1,4201.33005464915
1995,2,4201.33005464915
1995,3,4192.29053045167
1995,4,4170.88275930211
1995,5,4150.05938281072
1995,6,4139.3549592064
1995,7,4140.68573880183
1995,8,4143.6212175033
1995,9,4143.6212175033
1995,10,4134.88225597809
1995,11,4134.88225597809
1995,12,4135.38615231063
1996,1,4134.0562032965
1996,2,4131.97040978356
1996,3,4131.97040978356
1996,4,4131.97040978356
1996,5,4131.97040978356
1996,6,4131.97040978356
1996,7,4127.96983825511
1996,8,4126.63631441229
1996,9,4126.63631441229
1996,10,4126.63631441229
1996,11,4126.1301835449
1996,12,4123.62345484892
1997,1,4084.4619405074
1997,2,4077.55379880971
1997,3,3814.92193417654
1997,4,3676.41364832876
1997,5,3669.33381980092
1997,6,3667.40605386527
1997,7,3667.40605386527
1997,8,3667.40605386527
1997,9,3667.40605386527
1997,10,3622.03870682678
1997,11,3612.55214307377
1997,12,3612.75451620818
1998,1,3613.27927312919
1998,2,3613.27927312919
1998,3,3564.54943802373
1998,4,3528.84816760194
1998,5,3545.46453773169
1998,6,3551.89078171774
1998,7,3551.89078171774
1998,8,3553.16940076613
1998,9,3560.2403930929
1998,10,3577.51824709839
1998,11,3601.42797961584
1998,12,3611.60250595601
1999,1,3628.45719486724
1999,2,3650.11336779503
1999,3,3678.44505249672
1999,4,3709.06331255821
1999,5,3705.83268282943
1999,6,3690.97921504162
1999,7,3682.28341041125
1999,8,3669.81735950489
1999,9,3682.42128228161
1999,10,3676.27475465227
1999,11,3657.95812078846
1999,12,3620.22382352823
2000,1,3429.96625259931
2000,2,3087.40867346156
2000,3,2972.26718790911
2000,4,2928.56746829849
2000,5,2853.99133274375
2000,6,2529.53709468104
2000,7,2431.03621704098
2000,8,2418.24289761284
2000,9,2421.85951473867
2000,10,2421.20971601895
2000,11,2420.07444436401
2000,12,2424.77265895567
2001,1,2422.08014831115
2001,2,2411.39796149964
2001,3,2410.12111829264
2001,4,2406.60398168483
2001,5,2406.59621019952
2001,6,2401.99413587491
2001,7,2395.95360793647
2001,8,2397.36490097948
2001,9,2387.01522954041
2001,10,2371.98067973922
2001,11,2377.37588684602
2001,12,2380.25747561077
2002,1,2383.52417760861
2002,2,2384.70955844246
2002,3,2395.20468550932
2002,4,2403.1757129242
2002,5,2399.89720974742
2002,6,2398.77810624592
2002,7,2404.77842025721
2002,8,2411.16181201875
2002,9,2417.3746528899
2002,10,2416.34239453674
2002,11,2400.00934133007
2002,12,2389.59732821838
2003,1,2392.76229607629
2003,2,2391.80188636698
2003,3,2393.37492757568
2003,4,2382.70507183074
2003,5,2333.20349332648
2003,6,2309.68710495333
2003,7,2304.94865867926
2003,8,2304.40950200063
2003,9,2292.37171554897
2003,10,2291.44102129849
2003,11,2291.55830229314
2003,12,2288.77275639689
2004,1,2289.32270113955
2004,2,2293.89165511368
2004,3,2294.16850454773
2004,4,2291.66572807552
2004,5,2287.60999654586
2004,6,2276.00173777221
2004,7,2275.82789636134
2004,8,2273.12633155267
2004,9,2273.76784836466
2004,10,2274.1401837117
2004,11,2274.67983459919
2004,12,2278.08730174476
2005,1,2285.06319353969
2005,2,2287.93510004267
2005,3,2288.92143887998
2005,4,2288.81851270893
2005,5,2286.54509731654
2005,6,2288.34849584317
2005,7,2287.96666624671
2005,8,2289.07080171971
2005,9,2290.97388930075
2005,10,2292.14763029067
2005,11,2295.61124838603
2005,12,2295.99746567264
2006,1,2295.99746567264
2006,2,2295.30338092398
2006,3,2295.30338092398
2006,4,2295.30338092398
2006,5,2295.30338092398
2006,6,2295.12485638977
2006,7,2295.48233274426
2006,8,2295.47384752575
2006,9,2295.47384752575
2006,10,2295.24649148668
2006,11,2294.5644233695
2006,12,2294.5644233695
2007,1,2294.5644233695
2007,2,2299.09929537619
2007,3,2299.82706629732
2007,4,2303.25655612879
2007,5,2299.58154607988
2007,6,2301.50255501724
2007,7,2300.00526940714
2007,8,2301.24456448205
2007,9,2305.27259673005
2007,10,2311.46660492296
2007,11,2315.63226887942
2007,12,2317.78557302471
2008,1,2318.25516437435
2008,2,2320.61906905306
2008,3,2321.54035832884
2008,4,2321.54035832884
2008,5,2321.54035832884
2008,6,2321.66399825191
2008,7,2323.18092673114
2008,8,2325.57154539161
2008,9,2325.72303781425
2008,10,2326.32184198888
2008,11,2326.3865760695
2008,12,2327.11786929229
2009,1,2330.74070354609
2009,2,2334.21689467311
2009,3,2335.83417348042
2009,4,2338.47717793754
2009,5,2340.69164891029
2009,6,2340.69164891029
2009,7,2340.69164891029
2009,8,2344.09841353517
2009,9,2341.61352632573
2009,10,2350.3188996586
2009,11,2355.17415045356
2009,12,2355.39281989013
2010,1,2355.61148932671
2010,2,2356.48588366855
2010,3,2359.14437891967
2010,4,2359.25907596348
2010,5,2359.35842679918
2010,6,2359.35842679918
2010,7,2359.35842679918
2010,8,2359.35842679918
2010,9,2361.25213429114
2010,10,2366.93325676703
2010,11,2367.68249162729
2010,12,2367.93223658071
2011,1,2369.06271718679
2011,2,2369.43954405548
2011,3,2369.30424504401
2011,4,2370.85129792671
2011,5,2372.33702499538
2011,6,2372.77908723795
2011,7,2372.93217500839
2011,8,2373.47047414147
2011,9,2373.42467796195
2011,10,2359.38896944463
2011,11,2284.91186535997
2011,12,2276.89783207454
2012,1,2302.98636078636
2012,2,2286.1232667968
2012,3,2338.62510930579
2012,4,2382.34042838083
2012,5,2399.10463048631
2012,6,2418.96834633817
2012,7,2414.80420422454
2012,8,2379.62600000253
2012,9,2368.50445346277
2012,10,2364.11043599986
2012,11,2345.6131604623
2012,12,2339.71836732368
2013,1,2317.3128135863
2013,2,2258.78069520913
2013,3,2210.69590561937
2013,4,2220.73970026896
2013,5,2209.12748473573
2013,6,2196.50357932397
2013,7,2193.53846737042
2013,8,2172.07236401449
2013,9,2166.15558566681
2013,10,2164.53695377045
2013,11,2162.13159733634
2013,12,2169.13097586375
2014,1,2197.10474124
2014,2,2193.75655243264
2014,3,2193.49372321306
2014,4,2194.18260609259
2014,5,2194.8456863443
2014,6,2197.51231146524
2014,7,2200.7562601861
2014,8,2220.32137663365
2014,9,2225.57819829711
2014,10,2229.56610218974
2014,11,2226.09284558012
2014,12,2236.03632785185
2015,1,2319.41113582168
2015,2,2326.51538175036
2015,3,2326.6853188465
2015,4,2248.7553959337
2015,5,2207.20982803189
2015,6,2206.58581897783
2015,7,2209.97156063903
2015,8,2211.78939693727
2015,9,2212.49104875245
2015,10,2215.8653561494
2015,11,2238.92543248287
2015,12,2289.39847992238
2016,1,2323.81561326281
2016,2,2325.15419754169
2016,3,2308.7868704712
2016,4,2276.25604327593
2016,5,2225.93554098985
2016,6,2211.77368877324
2016,7,2206.43482522502
2016,8,2207.90070391967
2016,9,2221.41425568985
2016,10,2228.10366663374
2016,11,2225.18162870424
2016,12,2233.2561368381
2017,1,2298.92620369869
2017,2,2322.20529370568
2017,3,2308.02033365731
2017,4,2304.64905359017
2017,5,2305.52958713726
2017,6,2328.05397722289
2017,7,2333.31995144637
2017,8,2337.97177559829
2017,9,2338.65534113559
2017,10,2336.85724166465
2017,11,2310.11573165546
2017,12,2288.497482978
