Year,Month,Concentration
1986,1,0
1986,2,0
1986,3,0
1986,4,0
1986,5,0
1986,6,0
1986,7,0
1986,8,0
1986,9,0
1986,10,0
1986,11,0
1986,12,0
1987,1,0
1987,2,0
1987,3,0
1987,4,0
1987,5,0
1987,6,0
1987,7,0
1987,8,0
1987,9,0
1987,10,0
1987,11,0
1987,12,0
1988,1,0
1988,2,0
1988,3,0
1988,4,0
1988,5,0
1988,6,0
1988,7,0
1988,8,0
1988,9,0
1988,10,0
1988,11,0
1988,12,0
1989,1,0
1989,2,0
1989,3,0
1989,4,0
1989,5,0
1989,6,0
1989,7,0
1989,8,0
1989,9,0
1989,10,0
1989,11,0
1989,12,0
1990,1,0
1990,2,0
1990,3,0
1990,4,0
1990,5,0
1990,6,0
1990,7,0
1990,8,0
1990,9,0
1990,10,0
1990,11,0
1990,12,0
1991,1,0
1991,2,0
1991,3,0
1991,4,0
1991,5,0
1991,6,0
1991,7,0
1991,8,0
1991,9,0
1991,10,0
1991,11,0
1991,12,0
1992,1,0
1992,2,0
1992,3,0
1992,4,0
1992,5,0
1992,6,0
1992,7,0
1992,8,0
1992,9,0
1992,10,0
1992,11,0
1992,12,0
1993,1,0
1993,2,0
1993,3,0
1993,4,0
1993,5,0
1993,6,0
1993,7,0
1993,8,0
1993,9,0
1993,10,0
1993,11,0
1993,12,0
1994,1,0
1994,2,0
1994,3,0
1994,4,0
1994,5,0
1994,6,0
1994,7,0
1994,8,0
1994,9,0
1994,10,0
1994,11,0
1994,12,0
1995,1,0
1995,2,0
1995,3,0
1995,4,0
1995,5,0
1995,6,0
1995,7,0
1995,8,0
1995,9,3.61579416768503
1995,10,17.9816191906633
1995,11,17.9387101173436
1995,12,17.7576425422191
1996,1,17.4980864448924
1996,2,17.4542492120997
1996,3,17.4671772144691
1996,4,17.4506149677365
1996,5,17.4350650588455
1996,6,17.4082972359053
1996,7,17.4029670307418
1996,8,17.4001228842222
1996,9,17.4088447210886
1996,10,17.4087179547939
1996,11,17.3989047824133
1996,12,17.262958318295
1997,1,17.1629699519485
1997,2,17.1720055602121
1997,3,17.1742340208906
1997,4,17.1691910090308
1997,5,17.136907110159
1997,6,17.107861419337
1997,7,16.9801080159589
1997,8,16.921757262554
1997,9,16.7834719388918
1997,10,16.2564713242551
1997,11,15.262047139839
1997,12,15.0591725256882
1998,1,14.9043356989368
1998,2,14.8711764586031
1998,3,14.9153976098036
1998,4,15.0612025573781
1998,5,15.2017557444784
1998,6,15.4156969745112
1998,7,15.7285989039274
1998,8,16.0310676055993
1998,9,16.3834131071358
1998,10,16.7593622879139
1998,11,16.9511985071289
1998,12,17.3899470465284
1999,1,18.3015613972076
1999,2,19.1595039703103
1999,3,20.2572024544417
1999,4,23.1273408478332
1999,5,26.3726551460363
1999,6,27.1291457586306
1999,7,28.8804210492507
1999,8,32.9985944543002
1999,9,38.8881890604187
1999,10,40.9515946427591
1999,11,41.7807767757222
1999,12,42.1648729403585
2000,1,42.6212036301021
2000,2,42.8151769689685
2000,3,43.318538721785
2000,4,44.0860017972837
2000,5,44.9055927474078
2000,6,45.4409662610376
2000,7,45.7971248385676
2000,8,45.7213302428914
2000,9,45.8632023520779
2000,10,45.7864806848488
2000,11,45.7525445329106
2000,12,45.642466975438
2001,1,45.3533810202012
2001,2,45.5216203851792
2001,3,46.0277602968091
2001,4,45.9426075358814
2001,5,45.7989632261301
2001,6,45.4372162515681
2001,7,44.165034479313
2001,8,136.080145715781
2001,9,136.25141298548
2001,10,136.258451684279
2001,11,136.112791235325
2001,12,136.173880427962
2002,1,136.217182327923
2002,2,136.071951045034
2002,3,136.160449367698
2002,4,136.475322146744
2002,5,137.409006699622
2002,6,141.072710173375
2002,7,142.104236079223
2002,8,142.604588465358
2002,9,143.234688544052
2002,10,143.669992270597
2002,11,143.862959886767
2002,12,143.711362412354
2003,1,144.063548800991
2003,2,144.447700330583
2003,3,144.348216242447
2003,4,143.713471748134
2003,5,143.533143765199
2003,6,143.811834576234
2003,7,144.215583066398
2003,8,145.287629428165
2003,9,146.069906384723
2003,10,146.781507155614
2003,11,147.880669755079
2003,12,149.22028876348
2004,1,150.086365663193
2004,2,150.771746899471
2004,3,151.106262020183
2004,4,151.429528217457
2004,5,151.963795715613
2004,6,152.522860807071
2004,7,153.081914979994
2004,8,153.700225952851
2004,9,153.996477604093
2004,10,154.390155388116
2004,11,154.938633643523
2004,12,155.300224111117
2005,1,155.611397752823
2005,2,155.571322196872
2005,3,155.887537617855
2005,4,155.892853644286
2005,5,156.314909332283
2005,6,156.741103351574
2005,7,156.7678412897
2005,8,156.850003255106
2005,9,156.919153089286
2005,10,157.065277608267
2005,11,158.502562113701
2005,12,158.808458242941
2006,1,158.818462051366
2006,2,158.836437173347
2006,3,158.725980516153
2006,4,158.554934197164
2006,5,158.524287145217
2006,6,158.514494058768
2006,7,158.900417568212
2006,8,159.057771984119
2006,9,159.048012177756
2006,10,158.396132257034
2006,11,155.665953041176
2006,12,154.004246558007
2007,1,152.063183655953
2007,2,151.119101245791
2007,3,150.799576356253
2007,4,150.385653804092
2007,5,150.208045612506
2007,6,150.10676620004
2007,7,150.14694727606
2007,8,150.266299015233
2007,9,149.794737119778
2007,10,149.931974652768
2007,11,149.739115874864
2007,12,149.814862017156
2008,1,150.136988792657
2008,2,150.480285602451
2008,3,150.2732269127
2008,4,150.413258966314
2008,5,150.56444719889
2008,6,150.681514326785
2008,7,150.781647695653
2008,8,150.790224085048
2008,9,150.743799525313
2008,10,150.856167177195
2008,11,150.728083585951
2008,12,150.741430014106
2009,1,150.861968262564
2009,2,150.878032938252
2009,3,150.953593375505
2009,4,151.063148299761
2009,5,151.040909961685
2009,6,150.912726467695
2009,7,150.620639977225
2009,8,150.59112297639
2009,9,150.267923912075
2009,10,149.755956403342
2009,11,149.325808241486
2009,12,149.184208408694
2010,1,149.014484598309
2010,2,148.98155204394
2010,3,148.93078146389
2010,4,148.857717674778
2010,5,148.516499780151
2010,6,148.368171462487
2010,7,148.554327198317
2010,8,148.444452386384
2010,9,148.506642206345
2010,10,148.917348275025
2010,11,148.929401605194
2010,12,148.990450250429
2011,1,148.965056050632
2011,2,148.786837547119
2011,3,148.195768201282
2011,4,148.274742674182
2011,5,148.764257441041
2011,6,148.987114300017
2011,7,149.134263013439
2011,8,149.208004425826
2011,9,149.430077218038
2011,10,149.633738388738
2011,11,149.835033782784
2011,12,150.669031063352
2012,1,151.205236195548
2012,2,151.13278830853
2012,3,151.427500545437
2012,4,151.562569856028
2012,5,151.713390818097
2012,6,151.68221853996
2012,7,151.746460942419
2012,8,152.001978300858
2012,9,151.883619399059
2012,10,151.693881579118
2012,11,152.497098854452
2012,12,152.808750817683
2013,1,153.075854834532
2013,2,153.238280425242
2013,3,153.653195267241
2013,4,153.878636620433
2013,5,154.140746527486
2013,6,154.78125710633
2013,7,155.788121974933
2013,8,156.114260585929
2013,9,157.005741784506
2013,10,157.156161516474
2013,11,156.896395622308
2013,12,156.728666611391
2014,1,156.867787945334
2014,2,156.825144245906
2014,3,156.878817722741
2014,4,156.919712655275
2014,5,156.983969966599
2014,6,156.947230864688
2014,7,156.91514425745
2014,8,156.809941615564
2014,9,156.782326832567
2014,10,156.692343309141
2014,11,156.679892984853
2014,12,156.744157232664
2015,1,156.840016895405
2015,2,157.103404471221
2015,3,157.459624852208
2015,4,157.546058590455
2015,5,158.133490963069
2015,6,159.105465985688
2015,7,159.61988645581
2015,8,159.790855631829
2015,9,159.626964328316
2015,10,159.23979673017
2015,11,158.948754096831
2015,12,158.636936037335
2016,1,158.61747749733
2016,2,158.690922954822
2016,3,158.413922191398
2016,4,158.333493085842
2016,5,158.25529326903
2016,6,158.23052391706
2016,7,158.063259884513
2016,8,157.897952238968
2016,9,157.978759364019
2016,10,158.160505280493
2016,11,158.553094386458
2016,12,158.527021673751
2017,1,158.249794810773
2017,2,158.022930251603
2017,3,157.861338348687
2017,4,157.75606984777
2017,5,157.607367932914
2017,6,157.615557768242
2017,7,157.638087475367
2017,8,157.677068205688
2017,9,157.6181610677
2017,10,157.34409261631
2017,11,157.767409367287
2017,12,157.764986678528
2018,1,157.695912864715
2018,2,157.682345632204
2018,3,157.958373894001
2018,4,158.454437701997
2018,5,158.745286984684
2018,6,158.897155890717
2018,7,158.801464643377
2018,8,158.919402045915
2018,9,158.863806786442
2018,10,159.131147768756
2018,11,159.097950298032
2018,12,159.282423995181
2019,1,159.177672927025
2019,2,159.160418061375
2019,3,159.031649024096
2019,4,158.814739065536
2019,5,158.787610255193
2019,6,158.552230996661
2019,7,158.427828149751
2019,8,158.228660066896
2019,9,158.038743111225
2019,10,158.109378787849
2019,11,158.157032526877
2019,12,158.157032526877
