Year,Month,Concentration
1986,1,34.4231246115202
1986,2,34.4231246115202
1986,3,34.4231246115202
1986,4,34.4231246115202
1986,5,34.4231246115202
1986,6,34.4231246115202
1986,7,34.4231246115202
1986,8,34.4231246115202
1986,9,34.4231246115202
1986,10,34.4231246115202
1986,11,34.4231246115202
1986,12,34.4231246115202
1987,1,34.4231246115202
1987,2,34.423108756507
1987,3,34.4186449067989
1987,4,34.4053009227141
1987,5,34.4053009227141
1987,6,34.4053009227141
1987,7,34.4053009227141
1987,8,34.4053009227141
1987,9,34.4053009227141
1987,10,34.4061596939286
1987,11,34.4094611849221
1987,12,34.4114745190938
1988,1,34.4114745190938
1988,2,34.4114745190938
1988,3,34.4114745190938
1988,4,34.4110935444145
1988,5,34.4448675267324
1988,6,34.5283931037646
1988,7,34.6477355914044
1988,8,34.7082628138514
1988,9,34.6214821018794
1988,10,34.5637538458984
1988,11,34.5455764850853
1988,12,34.6549201935541
1989,1,34.8279304842962
1989,2,37.2219868734832
1989,3,38.4969647596264
1989,4,38.8776721329811
1989,5,38.9523275494062
1989,6,38.9222009267368
1989,7,38.9253168121659
1989,8,38.9073351024288
1989,9,38.9843021581612
1989,10,39.4738637543431
1989,11,39.587778425997
1989,12,39.59860052939
1990,1,39.7136528832158
1990,2,39.8268329481512
1990,3,39.9006696306054
1990,4,40.1246918014865
1990,5,40.1886453560982
1990,6,40.2027281890145
1990,7,40.2873933156252
1990,8,40.4011564425347
1990,9,40.4062994622997
1990,10,40.4170582830101
1990,11,40.4185920353119
1990,12,40.4185920353119
1991,1,40.4288403641201
1991,2,40.5868586571775
1991,3,40.63728232545
1991,4,40.7969929242308
1991,5,41.0396649049695
1991,6,41.0410420277147
1991,7,41.0223243440372
1991,8,41.0588135957417
1991,9,41.0774413038267
1991,10,41.0774413038267
1991,11,41.3625244421352
1991,12,41.3625244421352
1992,1,41.1195725022607
1992,2,40.9189143899651
1992,3,40.9104339335582
1992,4,40.890850681167
1992,5,40.849044574884
1992,6,40.8344490404265
1992,7,40.8272405179271
1992,8,40.874105354032
1992,9,40.8933312273167
1992,10,40.8855466813185
1992,11,40.9131711122112
1992,12,40.9339053508971
1993,1,40.9338271376346
1993,2,40.9682124659824
1993,3,40.9458167667328
1993,4,40.9477066123986
1993,5,40.9423963575123
1993,6,40.9192080838785
1993,7,40.913632235002
1993,8,40.9114782254963
1993,9,40.9415396241222
1993,10,40.9415396241222
1993,11,40.9332247957584
1993,12,40.594226382974
1994,1,40.3615472461626
1994,2,40.3580339778343
1994,3,40.107851561416
1994,4,40.1045781601564
1994,5,40.0904689420569
1994,6,39.8042815730002
1994,7,39.7861748225718
1994,8,39.7845606920942
1994,9,38.7190854810575
1994,10,38.7190854810575
1994,11,38.7190854810575
1994,12,38.7160254260645
1995,1,38.7139853894024
1995,2,38.6731870933854
1995,3,38.4285365950881
1995,4,38.2198585108678
1995,5,38.0548144695676
1995,6,37.4903802189442
1995,7,37.4769712653008
1995,8,37.371567878436
1995,9,37.0356257748859
1995,10,37.0152345371534
1995,11,36.9508168803385
1995,12,36.7934649259927
1996,1,36.6328568355239
1996,2,36.4540545348834
1996,3,36.271405967325
1996,4,35.8347970820977
1996,5,35.6640266941824
1996,6,35.2147718119209
1996,7,35.0674753957971
1996,8,34.9677682306842
1996,9,34.5316815713778
1996,10,34.4857795563985
1996,11,33.9074904789267
1996,12,32.5844938657424
1997,1,32.4728908125029
1997,2,32.4521344000364
1997,3,32.1857336795645
1997,4,32.1014648773414
1997,5,31.9991540944906
1997,6,31.9016108907733
1997,7,31.6370356758189
1997,8,31.4867314868887
1997,9,31.4561692696047
1997,10,30.8236335470354
1997,11,30.7586867602121
1997,12,30.5703525700639
1998,1,30.3645099273216
1998,2,30.3551813715819
1998,3,30.2651703484587
1998,4,30.2011394106289
1998,5,30.2011394106289
1998,6,30.1834061297657
1998,7,30.1859343887105
1998,8,30.1998854420454
1998,9,30.2022227836153
1998,10,30.1990606296697
1998,11,30.2397559691226
1998,12,30.1497680345951
1999,1,30.0632897273631
1999,2,29.9780443072939
1999,3,29.8966381022499
1999,4,29.4987453003549
1999,5,28.9762715312919
1999,6,28.8622707176677
1999,7,28.7774138691955
1999,8,28.6037032022942
1999,9,28.4637180224601
1999,10,28.30791776394
1999,11,28.2269509002068
1999,12,28.1478882203705
2000,1,27.8753091939976
2000,2,27.8708252628753
2000,3,28.0699763657755
2000,4,28.2147425349047
2000,5,28.2019333259618
2000,6,28.2463984648296
2000,7,28.2444659185277
2000,8,28.1909570186087
2000,9,28.133173992702
2000,10,28.0642555097225
2000,11,27.947547777014
2000,12,27.8603104077301
2001,1,27.7910669833813
2001,2,27.7324887263767
2001,3,27.7195417611439
2001,4,27.7455786122403
2001,5,27.7449803580097
2001,6,27.7369062167937
2001,7,27.7389777286586
2001,8,27.6937899981589
2001,9,27.531744545082
2001,10,27.4468221139358
2001,11,27.4782838963241
2001,12,27.4993119162616
2002,1,27.521900129696
2002,2,27.5346770504528
2002,3,27.5855037830981
2002,4,27.6890021966466
2002,5,27.896236327629
2002,6,28.0224134808546
2002,7,28.0755923267367
2002,8,28.108226964114
2002,9,28.1898443720333
2002,10,28.2782157566588
2002,11,28.2913828028965
2002,12,28.3565450436713
2003,1,28.4738783240732
2003,2,28.6253781417667
2003,3,28.8759816042841
2003,4,28.9137615127443
2003,5,28.9731092411542
2003,6,29.1148938885201
2003,7,29.117236707458
2003,8,29.0997750470921
2003,9,28.993723226508
2003,10,29.0129384404667
2003,11,29.0255686051878
2003,12,29.0428612162975
2004,1,28.9604877836058
2004,2,28.9437067922582
2004,3,28.8763063193117
2004,4,28.8340989033534
2004,5,28.6630603159752
2004,6,28.2195836058714
2004,7,27.8655386487131
2004,8,27.6402821750253
2004,9,27.6212794124272
2004,10,27.5540435406582
2004,11,27.441099128933
2004,12,27.4196228426635
2005,1,27.3094641818506
2005,2,27.1874777262063
2005,3,27.174125619129
2005,4,27.0507546414119
2005,5,26.8212742223815
2005,6,26.7483880201469
2005,7,26.6569189982037
2005,8,26.5444414081051
2005,9,26.5462688549745
2005,10,26.546413723045
2005,11,26.5177611996323
2005,12,26.5046938841319
2006,1,26.497583536404
2006,2,26.4730470683442
2006,3,26.4822575442042
2006,4,26.475556380256
2006,5,26.422731637504
2006,6,26.3683079065925
2006,7,26.3078937961168
2006,8,26.204177126534
2006,9,26.1927849231948
2006,10,26.1733815726806
2006,11,26.1161771171829
2006,12,26.042856482035
2007,1,26.0267620852558
2007,2,25.9490923931562
2007,3,25.9291552264553
2007,4,25.9280031901518
2007,5,25.7336868714806
2007,6,25.5626191441949
2007,7,25.3169306120779
2007,8,24.8264170933441
2007,9,24.6747821559206
2007,10,24.6363428822687
2007,11,24.5403375691133
2007,12,24.448618672123
2008,1,24.3302692610961
2008,2,24.3166547189341
2008,3,24.1631013730904
2008,4,24.0812768733401
2008,5,24.0582349878069
2008,6,24.0454079789202
2008,7,23.9539012544368
2008,8,23.5317010111219
2008,9,23.4398527679648
2008,10,23.3215347172518
2008,11,23.2394977332937
2008,12,23.2210772553235
2009,1,23.0793744563193
2009,2,22.6054992427849
2009,3,22.5863863489478
2009,4,22.5594764582241
2009,5,22.5064492717194
2009,6,22.3701835635273
2009,7,22.1782732292919
2009,8,21.9583070996319
2009,9,21.9479178907556
2009,10,21.9030053165608
2009,11,21.8790463615138
2009,12,21.8732285967278
2010,1,21.8293482353371
2010,2,21.6475428089834
2010,3,21.6416144704631
2010,4,21.6362688243842
2010,5,21.6239549137687
2010,6,21.5595078321693
2010,7,21.4630013408341
2010,8,21.1439795102953
2010,9,21.0809953392166
2010,10,21.0622260119451
2010,11,21.0284682430833
2010,12,20.9653824896732
2011,1,20.838748594663
2011,2,20.1559508751582
2011,3,20.0888429763244
2011,4,20.0390609671829
2011,5,19.8159630832949
2011,6,19.7516926086429
2011,7,19.3971453557301
2011,8,18.6622584922619
2011,9,18.3385278284276
2011,10,18.335076082258
2011,11,18.3337227926248
2011,12,18.2257318678631
2012,1,18.0468631194967
2012,2,17.8870760518239
2012,3,17.842371388075
2012,4,17.8064032760742
2012,5,17.7827505147634
2012,6,17.7733229656312
2012,7,17.2543746753124
2012,8,16.8199006956468
2012,9,16.7565670922652
2012,10,16.7530650643111
2012,11,16.7641562483506
2012,12,16.7888011695882
2013,1,16.7449989603913
2013,2,16.6992298667132
2013,3,16.6329785303835
2013,4,16.5830418798986
2013,5,16.5653414213356
2013,6,16.3264239545769
2013,7,15.812279284256
2013,8,15.7378498423953
2013,9,15.6792231809371
2013,10,15.6049545171558
2013,11,15.4830190794951
2013,12,15.0401445660376
2014,1,14.8937531218189
2014,2,14.6576720305278
2014,3,14.5728616850156
2014,4,14.5260653693609
2014,5,14.4855121608568
2014,6,14.3408604211099
2014,7,14.0594515934566
2014,8,13.8571528377021
2014,9,13.7801088825679
2014,10,13.799173908219
2014,11,13.8245533283766
2014,12,13.8118969085772
2015,1,13.7596227145471
2015,2,13.6831357352443
2015,3,13.6289641930155
2015,4,13.5943707641161
2015,5,13.5578880455635
2015,6,13.5221765844693
2015,7,13.4878310052838
2015,8,13.4866249285526
2015,9,13.4791828320331
2015,10,13.4827746966897
2015,11,13.4673927604832
2015,12,13.4513491822993
2016,1,13.4108928117633
2016,2,13.3390749203968
2016,3,13.3000083806103
2016,4,13.2628795760086
2016,5,13.2402462104111
2016,6,13.2534757702904
2016,7,13.1949087733191
2016,8,13.1260373736413
2016,9,13.118193061133
2016,10,12.9998404275514
2016,11,12.9669921368617
2016,12,12.9531374515069
2017,1,12.8884072276598
2017,2,12.8457496802607
2017,3,12.7830312970817
2017,4,12.7517039260579
2017,5,12.7175343465853
2017,6,12.7048409096399
2017,7,8.39282314543341
2017,8,4.0843273827355
2017,9,4.05977484692821
2017,10,4.02548800913774
2017,11,3.96596032675951
2017,12,3.95967351048646
2018,1,3.95562640787306
2018,2,3.94584793513682
2018,3,3.94267151549376
2018,4,3.94369823021484
2018,5,3.93647620030206
2018,6,3.923469784229
2018,7,3.91585370155895
2018,8,3.90776302750473
2018,9,3.88373656989054
2018,10,3.88220287729893
2018,11,3.8745189773351
2018,12,3.86189419707222
2019,1,3.85312918887798
2019,2,3.83376508721179
2019,3,3.79623679642559
2019,4,3.77242820098527
2019,5,3.73592311454256
2019,6,3.63607564333637
2019,7,3.61224460133184
2019,8,3.58759549897781
2019,9,3.59155898864435
2019,10,3.59363555145326
2019,11,3.5939804328752
2019,12,3.59431389414963
