Year,Month,Concentration
1986,1,47.1458908618676
1986,2,47.1458908618676
1986,3,47.1476173719441
1986,4,47.1527969021732
1986,5,47.1527969021732
1986,6,47.1527969021732
1986,7,47.1527969021732
1986,8,47.1527969021732
1986,9,47.1527969021732
1986,10,47.1527969021732
1986,11,47.1527969021732
1986,12,47.1527969021732
1987,1,47.1504644822631
1987,2,47.1411348026227
1987,3,47.1411348026227
1987,4,47.1411348026227
1987,5,47.0783961295917
1987,6,47.0783961295917
1987,7,47.0783961295917
1987,8,47.0783961295917
1987,9,47.0783961295917
1987,10,47.0783961295917
1987,11,47.0783961295917
1987,12,47.0783961295917
1988,1,47.0330044850832
1988,2,47.0027433887442
1988,3,47.0027433887442
1988,4,47.0017999237778
1988,5,47.0011709471334
1988,6,47.0011709471334
1988,7,47.0011709471334
1988,8,47.0008846895134
1988,9,47.0005984318934
1988,10,47.0005984318934
1988,11,47.0005984318934
1988,12,47.0005984318934
1989,1,47.0005984318934
1989,2,47.0005984318934
1989,3,46.9998870598943
1989,4,46.9747414595342
1989,5,46.9747414595342
1989,6,46.9747414595342
1989,7,46.9815579924675
1989,8,47.0116148672394
1989,9,47.0116148672394
1989,10,47.0231674739751
1989,11,47.0633449935193
1989,12,47.0633449935193
1990,1,47.0656713353738
1990,2,47.0393809843341
1990,3,47.0393809843341
1990,4,47.0051646065852
1990,5,46.9954918947478
1990,6,46.9954918947478
1990,7,46.9976749061313
1990,8,47.0268883852686
1990,9,47.0268728895629
1990,10,47.0069384315174
1990,11,46.947135057381
1990,12,46.947135057381
1991,1,46.7469532423816
1991,2,46.3698415174186
1991,3,46.3698415174186
1991,4,46.3698415174186
1991,5,46.3294901243574
1991,6,46.3294901243574
1991,7,46.3137922947172
1991,8,46.2530223913482
1991,9,46.213517493415
1991,10,46.1755999979013
1991,11,45.8068380796701
1991,12,45.8006038530073
1992,1,45.6944520783562
1992,2,45.4969740000067
1992,3,45.4272427957268
1992,4,45.2942382343251
1992,5,45.1080672427899
1992,6,45.1127482932297
1992,7,45.1074369679905
1992,8,45.0203919789362
1992,9,44.990113168777
1992,10,44.990113168777
1992,11,44.896051955295
1992,12,44.8734647673345
1993,1,44.8799843609225
1993,2,44.8619218792476
1993,3,44.9218066935034
1993,4,44.9323223646222
1993,5,44.9610728625727
1993,6,44.9359408827961
1993,7,44.9341185142586
1993,8,44.9735275009643
1993,9,44.9760376639141
1993,10,44.9738900125768
1993,11,44.9738900125768
1993,12,44.9738900125768
1994,1,44.9643254573334
1994,2,44.9574357149099
1994,3,44.9574357149099
1994,4,44.9574357149099
1994,5,44.9574357149099
1994,6,44.9424674138061
1994,7,44.8975625104949
1994,8,44.8975625104949
1994,9,44.8958403189653
1994,10,44.9395556929875
1994,11,44.947624203502
1994,12,44.9590111682798
1995,1,44.9590111682798
1995,2,44.9590111682798
1995,3,45.0391504618537
1995,4,45.1108048413418
1995,5,45.6000519425918
1995,6,45.6014842935841
1995,7,45.6014842935841
1995,8,45.6014842935841
1995,9,45.6124180271419
1995,10,45.6288186274787
1995,11,45.6143711170523
1995,12,45.6429832081045
1996,1,45.6695999422545
1996,2,45.7044040521525
1996,3,45.7116032528417
1996,4,45.7151917355152
1996,5,45.7153372473445
1996,6,45.7153372473445
1996,7,45.7153372473445
1996,8,45.7153372473445
1996,9,45.7623088404911
1996,10,45.8155271454
1996,11,45.895906928111
1996,12,45.8735210812888
1997,1,45.9111532946248
1997,2,45.8617429603928
1997,3,45.8666741807463
1997,4,45.7405939442399
1997,5,45.7140473585947
1997,6,45.8414016092295
1997,7,45.8414016092295
1997,8,45.8063686275481
1997,9,45.6107012612133
1997,10,45.3731104904959
1997,11,44.7063112287084
1997,12,44.5540779675261
1998,1,44.4857447611963
1998,2,44.4873245760573
1998,3,44.227797394872
1998,4,44.1939728186984
1998,5,44.2127597500603
1998,6,44.2371405990715
1998,7,44.3143625668993
1998,8,44.3394801273928
1998,9,44.4601925377249
1998,10,44.64901379636
1998,11,44.9842121147554
1998,12,45.5426106352272
1999,1,45.7590201708957
1999,2,46.6646604239387
1999,3,47.784819193201
1999,4,49.4421846422839
1999,5,49.7977462029642
1999,6,50.2490130970492
1999,7,50.550145456517
1999,8,50.7612442622534
1999,9,51.0382841957997
1999,10,51.4527032018016
1999,11,51.6739177412559
1999,12,51.83954047167
2000,1,52.2020212521062
2000,2,52.6098647511626
2000,3,52.9095755727953
2000,4,53.0530268929651
2000,5,53.1985667226211
2000,6,53.2144962274358
2000,7,53.3167616803112
2000,8,53.4449404725508
2000,9,53.5673238875778
2000,10,53.7119726812739
2000,11,54.1422748529854
2000,12,54.7891078868092
2001,1,56.2468149432084
2001,2,57.8550899796135
2001,3,59.4151391285608
2001,4,59.4744183642627
2001,5,59.5437565898959
2001,6,59.6599462201503
2001,7,59.7190184209769
2001,8,59.7161825160359
2001,9,59.9351112016192
2001,10,60.2937742974321
2001,11,63.2259538111567
2001,12,64.340374325554
2002,1,64.8135756908588
2002,2,65.1631472224055
2002,3,65.2968375164074
2002,4,65.8014463439108
2002,5,66.5208276547729
2002,6,66.869324508128
2002,7,67.0132055926014
2002,8,68.5163827012678
2002,9,69.4222576672545
2002,10,70.9175941334958
2002,11,72.7724718859432
2002,12,73.215855869659
2003,1,73.8144255438987
2003,2,74.8351261461908
2003,3,74.9160383293952
2003,4,75.048648388532
2003,5,75.0645437859538
2003,6,75.098690618512
2003,7,75.1007185116141
2003,8,75.1245615026219
2003,9,75.0475100234411
2003,10,74.2674296979535
2003,11,75.2477335173087
2003,12,75.6518716834611
2004,1,72.539037314852
2004,2,70.8639545913876
2004,3,71.0489114068663
2004,4,71.8970029685031
2004,5,75.3200520772621
2004,6,76.220787544442
2004,7,76.2059631840158
2004,8,75.7339875900927
2004,9,80.1598002308002
2004,10,93.1472751506546
2004,11,93.0854114125605
2004,12,92.9263345482854
2005,1,92.6136901507472
2005,2,92.8734122802046
2005,3,93.7027172488
2005,4,95.3888015863702
2005,5,96.2914108814858
2005,6,93.7147760610778
2005,7,93.342247102487
2005,8,94.0329219348624
2005,9,92.8731380167859
2005,10,93.1967646084489
2005,11,93.7271029344874
2005,12,94.4610614663235
2006,1,94.905540272972
2006,2,95.3334454763463
2006,3,97.9475515901266
2006,4,100.559494031042
2006,5,105.242418045868
2006,6,105.243286422593
2006,7,107.483355597755
2006,8,118.109124894319
2006,9,114.47321078026
2006,10,119.932048366376
2006,11,121.56556533405
2006,12,121.974597124261
2007,1,122.519496717334
2007,2,123.750144061941
2007,3,123.753936119254
2007,4,124.795398969712
2007,5,127.495632515495
2007,6,129.455924378778
2007,7,129.688509668693
2007,8,129.460964319996
2007,9,129.692198436549
2007,10,132.110597140636
2007,11,134.391216707315
2007,12,136.453772683622
2008,1,137.188814915569
2008,2,136.657608563357
2008,3,138.618226200806
2008,4,139.479886932979
2008,5,139.674225908747
2008,6,140.330103772034
2008,7,140.588336806644
2008,8,140.778335226234
2008,9,140.60583993828
2008,10,135.000142534858
2008,11,134.534540835774
2008,12,138.889064216089
2009,1,143.077035544339
2009,2,144.301170460562
2009,3,144.10115755459
2009,4,152.844659964813
2009,5,153.52184181012
2009,6,154.145506314422
2009,7,155.627602601391
2009,8,156.544271565155
2009,9,156.824497859328
2009,10,157.411502831937
2009,11,158.240758072714
2009,12,158.26885730096
2010,1,158.059846016853
2010,2,156.208650030082
2010,3,155.18896633436
2010,4,156.435403601749
2010,5,157.896581170154
2010,6,161.057393694158
2010,7,163.076743545132
2010,8,163.004510362269
2010,9,160.861186398482
2010,10,161.348626018209
2010,11,163.731490632805
2010,12,167.774071353703
2011,1,168.717193262218
2011,2,167.784554781659
2011,3,165.736409082387
2011,4,167.534155517042
2011,5,166.89188499702
2011,6,169.354329285795
2011,7,168.476482130967
2011,8,170.48764617271
2011,9,173.280077346234
2011,10,174.372184492799
2011,11,175.278733257246
2011,12,175.761761767633
2012,1,176.621700755049
2012,2,176.745149351691
2012,3,176.463138729166
2012,4,176.048257035451
2012,5,175.179621694467
2012,6,175.046466974326
2012,7,174.930447993914
2012,8,174.994679890126
2012,9,174.969177906022
2012,10,174.989692963953
2012,11,175.267585309447
2012,12,176.23339104278
2013,1,176.420030675108
2013,2,176.931768024581
2013,3,179.201759033986
2013,4,180.28302414371
2013,5,180.154823295871
2013,6,180.462266951154
2013,7,181.315841903627
2013,8,181.089521936515
2013,9,181.48767028754
2013,10,181.245297450831
2013,11,180.826720209691
2013,12,181.205077730583
2014,1,181.78327688337
2014,2,182.241657423478
2014,3,182.185812069597
2014,4,181.799407718893
2014,5,181.629421138248
2014,6,181.63236496418
2014,7,181.716512710012
2014,8,181.586458418283
2014,9,181.712079712803
2014,10,181.707289781236
2014,11,181.851320325343
2014,12,181.888311091529
2015,1,181.873713400862
2015,2,181.825534177844
2015,3,181.878446388908
2015,4,181.949634258413
2015,5,181.947411162704
2015,6,181.892015335473
2015,7,181.92618025579
2015,8,182.193384629576
2015,9,182.370690842932
2015,10,182.567959962179
2015,11,182.592305634552
2015,12,182.583344251139
