Year,Month,Concentration
1986,1,0
1986,2,0
1986,3,0
1986,4,0
1986,5,0
1986,6,0
1986,7,0
1986,8,0
1986,9,0
1986,10,0
1986,11,0
1986,12,0
1987,1,0
1987,2,0
1987,3,0
1987,4,0
1987,5,0
1987,6,0
1987,7,0
1987,8,0
1987,9,0
1987,10,0
1987,11,0
1987,12,0
1988,1,0
1988,2,0
1988,3,0
1988,4,0
1988,5,0
1988,6,0
1988,7,0
1988,8,0
1988,9,0
1988,10,0
1988,11,0
1988,12,0
1989,1,0
1989,2,0
1989,3,0
1989,4,0
1989,5,0
1989,6,0
1989,7,0
1989,8,0
1989,9,0
1989,10,0
1989,11,0
1989,12,0
1990,1,0
1990,2,0
1990,3,0
1990,4,0
1990,5,0
1990,6,0
1990,7,0
1990,8,0
1990,9,0
1990,10,0
1990,11,0
1990,12,0
1991,1,0
1991,2,0
1991,3,0
1991,4,0
1991,5,0
1991,6,0
1991,7,0
1991,8,0
1991,9,0
1991,10,0
1991,11,0
1991,12,0
1992,1,0
1992,2,0
1992,3,0
1992,4,0
1992,5,0
1992,6,0
1992,7,0
1992,8,0
1992,9,0
1992,10,0
1992,11,0
1992,12,0
1993,1,0
1993,2,0
1993,3,0
1993,4,0
1993,5,0
1993,6,0
1993,7,0
1993,8,0
1993,9,0
1993,10,0
1993,11,0
1993,12,0
1994,1,0
1994,2,0
1994,3,0
1994,4,0
1994,5,0
1994,6,0
1994,7,0
1994,8,0
1994,9,0
1994,10,0
1994,11,0
1994,12,0
1995,1,0
1995,2,0
1995,3,0
1995,4,0
1995,5,0
1995,6,0
1995,7,0
1995,8,0
1995,9,0
1995,10,0
1995,11,0
1995,12,0
1996,1,0
1996,2,0
1996,3,0
1996,4,0
1996,5,19.0883927144887
1996,6,23.8626060039236
1996,7,23.8656782208043
1996,8,23.8519988135312
1996,9,23.8724273026999
1996,10,23.9218028747871
1996,11,23.9412784833497
1996,12,23.889585336833
1997,1,23.8695113912981
1997,2,23.8695113912981
1997,3,23.8690932785647
1997,4,23.8556154672805
1997,5,23.7953798043921
1997,6,23.9160288500164
1997,7,23.9173760998592
1997,8,23.9326326393011
1997,9,23.9497442973429
1997,10,23.9270109952077
1997,11,23.8921598046276
1997,12,23.903602049361
1998,1,23.900147177441
1998,2,23.9198809534981
1998,3,23.9428756855851
1998,4,23.9676702092732
1998,5,23.9715848874266
1998,6,23.9902970582368
1998,7,24.0745191219837
1998,8,24.1886802344612
1998,9,24.2287116618469
1998,10,24.2636141537878
1998,11,24.4391868247351
1998,12,24.5924034339774
1999,1,24.8640870277472
1999,2,25.2025369831123
1999,3,25.9469339958547
1999,4,26.8407458735513
1999,5,27.306391471676
1999,6,27.4451632082109
1999,7,27.6343268839632
1999,8,27.776625366026
1999,9,27.9228173413497
1999,10,28.1131098814585
1999,11,28.1906638120076
1999,12,28.2343138295926
2000,1,28.276232479289
2000,2,28.287956354779
2000,3,28.2815658513262
2000,4,28.4358165329876
2000,5,28.8907780326086
2000,6,29.0718009999647
2000,7,29.2140971214243
2000,8,29.2298150508512
2000,9,29.3689053751731
2000,10,29.4601114474987
2000,11,29.6502850950667
2000,12,29.8448220938061
2001,1,29.969775307884
2001,2,30.0431106043377
2001,3,30.1035863244241
2001,4,30.5136534818635
2001,5,30.7123304354624
2001,6,31.0022402234012
2001,7,31.1749321718482
2001,8,31.2866711016017
2001,9,31.3791271519526
2001,10,31.3964338550755
2001,11,31.5772884862801
2001,12,31.8188812494284
2002,1,32.7437305288238
2002,2,33.6030505188544
2002,3,33.8842126308276
2002,4,34.9037139965446
2002,5,35.816883324674
2002,6,36.6485835822641
2002,7,36.9598608181233
2002,8,37.462333587186
2002,9,37.7859686537187
2002,10,38.0389409938707
2002,11,38.3419731251367
2002,12,38.4212047537624
2003,1,38.5591785385541
2003,2,38.754493766681
2003,3,38.7996333755748
2003,4,38.7815808157041
2003,5,38.7832428838341
2003,6,38.7980785271486
2003,7,38.8637090705374
2003,8,38.9137641089443
2003,9,38.9149208474907
2003,10,38.9138327087808
2003,11,38.9167461916218
2003,12,38.8936718170784
2004,1,38.8861223149236
2004,2,38.8703813298157
2004,3,38.8540825018936
2004,4,38.8029366990983
2004,5,38.7907386721208
2004,6,38.7890336393076
2004,7,38.7891275553277
2004,8,38.7895947432746
2004,9,38.7901749725613
2004,10,38.7889180135978
2004,11,38.7887386342762
2004,12,38.7930922018557
2005,1,38.7931315636803
2005,2,38.7909363516306
2005,3,38.7864430017903
2005,4,38.7827712232857
2005,5,38.7687399766865
2005,6,38.7607604749235
2005,7,38.7554695252408
2005,8,38.6315676783735
2005,9,38.6341155401588
2005,10,38.6345209361067
2005,11,38.609377657993
2005,12,38.654138951054
2006,1,38.694487064476
2006,2,38.7146825679285
2006,3,38.7553720202207
2006,4,38.756297705089
2006,5,38.7544426016633
2006,6,38.7561266130697
2006,7,38.7498586038882
2006,8,38.7308703706937
2006,9,38.7293908639704
2006,10,38.7282855538605
2006,11,38.6360737638807
2006,12,38.5581916586901
2007,1,38.5289370122125
2007,2,38.5207258834391
2007,3,38.4753691998365
2007,4,38.4401449250748
2007,5,38.414675325734
2007,6,38.356346039727
2007,7,38.1540310336248
2007,8,37.8844962119763
2007,9,37.8415603638865
2007,10,37.7383978240868
2007,11,37.441368439695
2007,12,37.4290916074042
2008,1,37.3099191390166
2008,2,37.2814233099429
2008,3,37.2417475425543
2008,4,37.197849783355
2008,5,37.1480663494155
2008,6,37.0728819675153
2008,7,37.002818364764
2008,8,36.7231666711273
2008,9,36.6796948228523
2008,10,36.53385153065
2008,11,36.428590139973
2008,12,36.4005502287091
2009,1,36.3340855982898
2009,2,36.2233154529739
2009,3,36.1103319826295
2009,4,36.0532157448617
2009,5,35.9423595870117
2009,6,35.8204915591492
2009,7,35.5979416135414
2009,8,35.2294756578939
2009,9,34.760091855061
2009,10,34.5452040411959
2009,11,34.4140336960723
2009,12,34.2965064280165
2010,1,34.1325860608788
2010,2,34.0022745022021
2010,3,33.750579298004
2010,4,33.6908319208369
2010,5,33.6631800150419
2010,6,33.5075583219604
2010,7,32.9481078844418
2010,8,32.4443149218261
2010,9,32.382356063526
2010,10,32.2759880523528
2010,11,32.2307354553053
2010,12,32.1494970244405
2011,1,32.066921690917
2011,2,31.8968068427042
2011,3,31.672027730354
2011,4,31.3043992743124
2011,5,30.7411574306705
2011,6,30.4628570879334
2011,7,28.7710995214042
2011,8,28.1702509521077
2011,9,27.7666565845894
2011,10,27.7161937304125
2011,11,27.5764655474119
2011,12,27.2959409055713
2012,1,27.0714858260647
2012,2,26.9180614354057
2012,3,26.6662690517558
2012,4,26.4278023707368
2012,5,26.3776075321875
2012,6,26.3669197065944
2012,7,24.5679762409637
2012,8,24.0269725277426
2012,9,23.7972190932549
2012,10,23.7600308637758
2012,11,23.540905630949
2012,12,23.5134713769904
2013,1,23.4052491263099
2013,2,23.2628573933149
2013,3,23.2023332081104
2013,4,23.1556000760144
2013,5,23.1325774229594
2013,6,23.0017618439954
2013,7,22.4974341886826
2013,8,22.3276233376474
2013,9,22.1862713706839
2013,10,22.0194693923137
2013,11,21.8116633641797
2013,12,21.0986079615881
2014,1,21.0205329492605
2014,2,20.8840514608983
2014,3,20.8510304071144
2014,4,20.8423525665055
2014,5,20.8365089598339
2014,6,20.7854547425063
2014,7,20.6813167387722
2014,8,20.6091936018372
2014,9,20.5762049322724
2014,10,20.5727572845461
2014,11,20.5446500803601
2014,12,20.4691683960955
2015,1,20.3500146842651
2015,2,20.2844728112545
2015,3,20.2539492420357
2015,4,20.2521754823012
2015,5,20.203168822335
2015,6,20.1242632317933
2015,7,20.0608599971051
2015,8,20.0530747601011
2015,9,20.0554337518591
2015,10,20.0531179328894
2015,11,20.0526140577134
2015,12,20.0344442635335
2016,1,20.002988357091
2016,2,19.9856235386245
2016,3,19.9781276515446
2016,4,19.9757618961236
2016,5,19.957953481455
2016,6,19.9691436836814
2016,7,19.9649408012193
2016,8,19.9058435026614
2016,9,19.8485390898453
2016,10,19.7538274057222
2016,11,19.6856480911434
2016,12,19.6739158853995
2017,1,19.6626421513562
2017,2,19.6596350047784
2017,3,19.6627621983813
2017,4,19.6574916509643
2017,5,19.6381733417999
2017,6,19.6281201977697
2017,7,19.6311127746567
2017,8,19.6312451424631
2017,9,19.631389010165
2017,10,19.6314849219663
2017,11,19.6314849219663
2017,12,19.6314849219663
