Year,Month,Concentration
1986,1,736.959386356711
1986,2,736.959386356711
1986,3,736.959386356711
1986,4,736.959386356711
1986,5,736.959386356711
1986,6,736.959386356711
1986,7,736.959386356711
1986,8,736.959386356711
1986,9,736.959386356711
1986,10,736.959386356711
1986,11,736.959386356711
1986,12,736.959386356711
1987,1,736.959386356711
1987,2,736.959386356711
1987,3,736.959386356711
1987,4,736.959386356711
1987,5,736.959386356711
1987,6,736.959386356711
1987,7,736.959386356711
1987,8,736.959386356711
1987,9,736.959386356711
1987,10,736.959386356711
1987,11,736.959386356711
1987,12,736.959386356711
1988,1,736.959386356711
1988,2,736.959386356711
1988,3,736.959386356711
1988,4,736.959386356711
1988,5,736.959386356711
1988,6,736.959386356711
1988,7,736.959386356711
1988,8,736.959386356711
1988,9,736.959386356711
1988,10,736.959386356711
1988,11,736.959386356711
1988,12,736.959386356711
1989,1,736.959386356711
1989,2,736.959386356711
1989,3,736.959386356711
1989,4,736.959386356711
1989,5,736.959386356711
1989,6,736.959386356711
1989,7,736.959386356711
1989,8,736.959386356711
1989,9,736.959386356711
1989,10,736.959386356711
1989,11,736.959386356711
1989,12,736.959386356711
1990,1,736.959386356711
1990,2,736.959386356711
1990,3,736.959386356711
1990,4,736.959386356711
1990,5,736.959386356711
1990,6,736.959386356711
1990,7,736.959386356711
1990,8,736.959386356711
1990,9,736.959386356711
1990,10,736.959386356711
1990,11,736.959386356711
1990,12,736.959386356711
1991,1,736.959386356711
1991,2,736.959386356711
1991,3,736.959386356711
1991,4,736.959386356711
1991,5,736.959386356711
1991,6,736.959386356711
1991,7,736.959386356711
1991,8,736.959386356711
1991,9,736.959386356711
1991,10,736.959386356711
1991,11,736.959386356711
1991,12,736.959386356711
1992,1,736.959386356711
1992,2,736.959386356711
1992,3,736.959386356711
1992,4,736.959386356711
1992,5,736.959386356711
1992,6,736.959386356711
1992,7,736.959386356711
1992,8,736.959386356711
1992,9,736.959386356711
1992,10,736.959386356711
1992,11,736.959386356711
1992,12,736.959386356711
1993,1,736.959386356711
1993,2,736.959386356711
1993,3,736.959386356711
1993,4,736.959386356711
1993,5,736.959386356711
1993,6,736.959386356711
1993,7,736.959386356711
1993,8,736.959386356711
1993,9,736.959386356711
1993,10,736.965572099335
1993,11,736.974850713272
1993,12,736.974850713272
1994,1,736.974850713272
1994,2,736.974850713272
1994,3,736.974850713272
1994,4,736.974850713272
1994,5,736.974850713272
1994,6,736.974850713272
1994,7,736.974850713272
1994,8,736.974850713272
1994,9,736.974850713272
1994,10,736.974850713272
1994,11,736.974850713272
1994,12,736.974850713272
1995,1,736.974850713272
1995,2,736.974850713272
1995,3,736.974850713272
1995,4,736.974850713272
1995,5,736.93919627519
1995,6,736.903541837108
1995,7,736.903541837108
1995,8,736.903541837108
1995,9,736.903541837108
1995,10,736.903541837108
1995,11,736.903541837108
1995,12,736.903541837108
1996,1,736.903541837108
1996,2,736.903541837108
1996,3,736.903541837108
1996,4,736.903541837108
1996,5,736.903541837108
1996,6,736.903541837108
1996,7,736.903541837108
1996,8,736.903541837108
1996,9,736.903541837108
1996,10,736.903541837108
1996,11,736.903541837108
1996,12,736.903541837108
1997,1,736.903541837108
1997,2,736.903541837108
1997,3,736.903541837108
1997,4,736.903541837108
1997,5,736.903541837108
1997,6,736.867657943614
1997,7,736.867657943614
1997,8,736.867657943614
1997,9,736.868622040212
1997,10,736.86958613681
1997,11,736.86958613681
1997,12,736.86958613681
1998,1,736.987235575004
1998,2,737.016647934552
1998,3,737.016647934552
1998,4,737.016647934552
1998,5,737.016647934552
1998,6,736.936490941193
1998,7,736.936490941193
1998,8,737.004405631457
1998,9,737.650549188769
1998,10,737.859661563816
1998,11,737.878476344362
1998,12,737.878476344362
1999,1,737.880034653454
1999,2,737.831395866727
1999,3,740.892542909435
1999,4,743.044029910494
1999,5,743.093967451111
1999,6,743.150812372565
1999,7,745.199828466182
1999,8,749.816238751727
1999,9,750.55345078801
1999,10,750.604966483652
1999,11,750.616916281017
1999,12,750.647557706259
2000,1,750.682041807188
2000,2,750.700227890062
2000,3,750.720659665255
2000,4,750.678895350783
2000,5,750.661245726342
2000,6,750.588472293246
2000,7,750.396498888758
2000,8,750.402808419563
2000,9,749.780963016103
2000,10,749.772504235735
2000,11,749.846393923426
2000,12,749.854737175956
2001,1,750.27575615589
2001,2,751.722508094581
2001,3,751.822428907345
2001,4,751.923896650164
2001,5,751.935028196245
2001,6,752.763188341016
2001,7,752.538938781134
2001,8,752.337032279778
2001,9,751.548162465546
2001,10,751.101042059782
2001,11,752.157206346591
2001,12,752.400239062008
2002,1,752.491942548465
2002,2,752.558316088483
2002,3,752.587024619442
2002,4,753.213003595433
2002,5,753.681190958828
2002,6,753.417558198807
2002,7,754.541740424698
2002,8,755.064416799451
2002,9,754.791588121633
2002,10,754.530421485164
2002,11,754.452852433977
2002,12,754.308855048903
2003,1,755.318085890057
2003,2,756.161117907073
2003,3,756.812350995732
2003,4,756.799090988212
2003,5,757.376861664994
2003,6,758.421037285784
2003,7,758.785153103702
2003,8,759.481966280967
2003,9,762.165689490809
2003,10,769.82195214313
2003,11,780.702317266982
2003,12,785.080453279211
2004,1,793.415548706469
2004,2,795.325960427952
2004,3,795.872414651155
2004,4,796.834015348961
2004,5,799.819538598011
2004,6,800.797870678904
2004,7,801.479104453238
2004,8,801.228152524039
2004,9,801.151614254111
2004,10,801.662389425496
2004,11,802.397767198261
2004,12,802.504911289003
2005,1,802.964983254321
2005,2,802.791142117805
2005,3,807.955477457
2005,4,813.318824497637
2005,5,815.880064421078
2005,6,818.989591734662
2005,7,820.98616105206
2005,8,821.609511509034
2005,9,822.807932617444
2005,10,824.285450945794
2005,11,828.740647354122
2005,12,835.616375309785
2006,1,837.444669257531
2006,2,841.610892841741
2006,3,850.756769183066
2006,4,851.217611157552
2006,5,835.62015321229
2006,6,827.233824025687
2006,7,826.371756564391
2006,8,825.226379747344
2006,9,821.874234950588
2006,10,822.648918721976
2006,11,823.023927803286
2006,12,822.58619026604
2007,1,823.269103414447
2007,2,823.18477406427
2007,3,817.07618369608
2007,4,815.586529501636
2007,5,817.068363883393
2007,6,822.367566704578
2007,7,824.701837638482
2007,8,826.634158496506
2007,9,835.216689945605
2007,10,840.030615722579
2007,11,843.621571005093
2007,12,842.796874362385
2008,1,841.903552863291
2008,2,844.600355384347
2008,3,856.317635513509
2008,4,855.116920114636
2008,5,855.034276212723
2008,6,869.248844433578
2008,7,869.619371902478
2008,8,858.469691997542
2008,9,848.227535575361
2008,10,850.549953506002
2008,11,856.614913256526
2008,12,864.205211370828
2009,1,864.053210564279
2009,2,862.973949865303
2009,3,862.004720313488
2009,4,863.004472904122
2009,5,859.250531248634
2009,6,855.525373160681
2009,7,856.317712284564
2009,8,855.950979762024
2009,9,854.903019264461
2009,10,832.359630237273
2009,11,795.445220942624
2009,12,790.346765954095
2010,1,789.777836846409
2010,2,788.359574641838
2010,3,787.826919306155
2010,4,788.346266993856
2010,5,788.692528712916
2010,6,790.635642804135
2010,7,792.21653493776
2010,8,773.238533046562
2010,9,747.248037415427
2010,10,776.106887607092
2010,11,779.768793155546
2010,12,814.872357752487
2011,1,817.078464454957
2011,2,815.398785318599
2011,3,815.251756793331
2011,4,814.647877161698
2011,5,812.071029633616
2011,6,810.024215495715
2011,7,810.581251305495
2011,8,811.630833950473
2011,9,813.130295977137
2011,10,813.563436338321
2011,11,814.599235884687
2011,12,812.506445244915
2012,1,813.051697237011
2012,2,812.530824817252
2012,3,812.838763850546
2012,4,812.874807477346
2012,5,811.735849215332
2012,6,809.615142873652
2012,7,808.231719676967
2012,8,808.854152914378
2012,9,809.870359533347
2012,10,810.11264081566
2012,11,803.132070661935
2012,12,801.392124398132
2013,1,798.659299099513
2013,2,794.075086323234
2013,3,796.783059521883
2013,4,792.577910718122
2013,5,798.058633982272
2013,6,795.768551294542
2013,7,793.982851745229
2013,8,791.247917836689
2013,9,791.304735418585
2013,10,793.781402867173
2013,11,791.915787681451
2013,12,777.616897665667
2014,1,755.606595785923
2014,2,735.262299961945
2014,3,734.209390549426
2014,4,734.161287441132
2014,5,733.779590930694
2014,6,733.10945045267
2014,7,734.344209052233
2014,8,737.197054394409
2014,9,737.780486869188
2014,10,738.000668732926
2014,11,738.399408512075
2014,12,738.257102906596
2015,1,733.433670113178
2015,2,733.393421326006
2015,3,738.556366995433
2015,4,739.84222456632
2015,5,735.215083191897
2015,6,730.770876139001
2015,7,730.587224317779
2015,8,730.431972839357
2015,9,729.858361360782
2015,10,729.990011731297
2015,11,729.879492500235
2015,12,730.143802036072
