Year,Month,Concentration
1986,1,6703.02913412372
1986,2,6703.02913412372
1986,3,6703.02913412372
1986,4,6703.02913412372
1986,5,6703.02913412372
1986,6,6702.23537018689
1986,7,6702.23537018689
1986,8,6702.23537018689
1986,9,6702.23537018689
1986,10,6702.23537018689
1986,11,6702.23537018689
1986,12,6703.481475731
1987,1,6720.69066756963
1987,2,6746.50445532757
1987,3,6746.50445532757
1987,4,6746.80991020067
1987,5,6747.72627481995
1987,6,6751.27995666426
1987,7,6751.27995666426
1987,8,6767.60124492121
1987,9,6770.70261313938
1987,10,6771.3518866436
1987,11,6772.32579689993
1987,12,6772.32579689993
1988,1,6771.79408094327
1988,2,6771.43960363883
1988,3,6771.43960363883
1988,4,6771.43960363883
1988,5,6770.3008320882
1988,6,6769.16206053757
1988,7,6769.16206053757
1988,8,6755.73637034573
1988,9,6756.83043094689
1988,10,6757.13495721294
1988,11,6757.13495721294
1988,12,6777.72132293796
1989,1,6786.42336105517
1989,2,6784.12695986277
1989,3,6777.23775628557
1989,4,6776.97870690063
1989,5,6776.97870690063
1989,6,6752.46932883996
1989,7,6739.3710998726
1989,8,6723.07344991318
1989,9,6722.72750407865
1989,10,6722.85264685831
1989,11,6705.4231995646
1989,12,6699.63971487279
1990,1,6571.73435070545
1990,2,6474.32492748472
1990,3,6473.94028014432
1990,4,6474.63938622102
1990,5,6487.05581412235
1990,6,6458.84717605333
1990,7,6342.72672734009
1990,8,6307.70929145937
1990,9,6312.46383169424
1990,10,6272.04487542735
1990,11,6237.93291614188
1990,12,6236.43147979671
1991,1,6219.63033773833
1991,2,6171.8728994432
1991,3,6173.21105774752
1991,4,6171.51503467802
1991,5,6136.18791050676
1991,6,6124.6157679533
1991,7,6124.25438597071
1991,8,6099.45091770066
1991,9,6092.04299049491
1991,10,6092.59587756752
1991,11,6041.89614300785
1991,12,6036.16653230675
1992,1,6039.15519146663
1992,2,5998.64578662037
1992,3,5997.47397344547
1992,4,5984.54161431478
1992,5,5929.703497296
1992,6,5913.60543019877
1992,7,5881.60707194236
1992,8,5834.15663310587
1992,9,5827.88368268925
1992,10,5828.86262294665
1992,11,5825.59124757734
1992,12,5824.00774736527
1993,1,5833.53994561425
1993,2,5845.69598423732
1993,3,5731.41260539567
1993,4,5738.21320633899
1993,5,5747.46173461346
1993,6,5759.48023284448
1993,7,5756.53098999512
1993,8,5740.41746837211
1993,9,5736.78591575128
1993,10,5748.92795655055
1993,11,5733.39491174714
1993,12,5723.02788416214
1994,1,5719.87713927679
1994,2,5719.68189482665
1994,3,5699.77595242459
1994,4,5663.94933905644
1994,5,5587.57202959716
1994,6,5479.2386096991
1994,7,5350.54507227972
1994,8,5339.85227707407
1994,9,5314.59757155676
1994,10,5232.38336468221
1994,11,5188.06966591155
1994,12,5157.4108924843
1995,1,5138.95856738451
1995,2,5120.01922187971
1995,3,5082.43070555779
1995,4,5082.43070555779
1995,5,5081.12065799878
1995,6,5079.81061043977
1995,7,5073.6578168766
1995,8,5073.77105285736
1995,9,5072.59906371561
1995,10,5068.14840763878
1995,11,5068.14840763878
1995,12,5059.31811270866
1996,1,5044.09235143978
1996,2,5030.43768658946
1996,3,5028.52825464757
1996,4,5023.16447253517
1996,5,5023.08510195775
1996,6,5013.61976637271
1996,7,4985.22375961761
1996,8,4985.59109022782
1996,9,4985.77560726755
1996,10,4976.75122232124
1996,11,4966.94741622374
1996,12,4967.3302132708
1997,1,4960.08632326293
1997,2,4955.34400963149
1997,3,4954.17893661964
1997,4,4953.07132349894
1997,5,4947.89449690877
1997,6,4947.67794828703
1997,7,4947.76632079076
1997,8,4942.87375026409
1997,9,4933.72832754714
1997,10,4923.20247302543
1997,11,4932.90468413863
1997,12,4920.87695052235
1998,1,4908.61347597676
1998,2,4871.89375237317
1998,3,4871.199958662
1998,4,4859.85225243055
1998,5,4847.0781171952
1998,6,4831.44337233907
1998,7,4820.05633534255
1998,8,4853.91998041338
1998,9,4842.27836407834
1998,10,4817.35608814435
1998,11,4801.96320199844
1998,12,4791.40766810555
1999,1,4801.49917287608
1999,2,4791.98434975054
1999,3,4774.36170105552
1999,4,4733.87891085106
1999,5,4725.45835197893
1999,6,4721.45594837876
1999,7,4709.85643300701
1999,8,4717.61856430818
1999,9,4718.41989423223
1999,10,4711.05267049543
1999,11,4707.67109835041
1999,12,4715.92305626998
2000,1,4799.53945027064
2000,2,5017.69578065768
2000,3,5122.65329581255
2000,4,5148.89469184333
2000,5,5238.0758790197
2000,6,6022.16832057466
2000,7,6191.35751139389
2000,8,6192.0937695446
2000,9,6176.19040119175
2000,10,6224.40072619938
2000,11,6460.45168565168
2000,12,6504.28407133231
2001,1,6475.97924754816
2001,2,6485.46910036071
2001,3,6452.00917327112
2001,4,6299.22262725817
2001,5,6216.31616947423
2001,6,6198.11755571185
2001,7,6211.89435750429
2001,8,6128.04074808857
2001,9,6141.8272220637
2001,10,6211.36511129328
2001,11,6196.96692881446
2001,12,5959.78255695113
2002,1,5645.31756637906
2002,2,5214.46233134052
2002,3,4844.34668811149
2002,4,4622.69120875491
2002,5,4172.74633076119
2002,6,3786.28794054937
2002,7,3574.69967607974
2002,8,3505.97042963551
2002,9,3422.9922398265
2002,10,3392.99302733736
2002,11,3145.40126795779
2002,12,3030.70181378072
2003,1,2991.61246020647
2003,2,2939.28118473158
2003,3,2894.01457392614
2003,4,2847.82960931634
2003,5,2801.39617511857
2003,6,2783.34620259257
2003,7,2769.83749821446
2003,8,2747.52691482272
2003,9,2718.20071701475
2003,10,2686.81531114178
2003,11,2644.64411713965
2003,12,2628.99305642514
2004,1,2495.74238167521
2004,2,2305.34172217977
2004,3,2284.28278234932
2004,4,2243.15939146236
2004,5,2193.3021939718
2004,6,2175.49488387716
2004,7,2150.85430571304
2004,8,2120.06395967986
2004,9,2096.83276933131
2004,10,2085.92714521419
2004,11,2084.20875582137
2004,12,2074.1606744866
2005,1,2048.57869040512
2005,2,2032.45282369152
2005,3,2025.01951584136
2005,4,2023.37643025958
2005,5,2019.18361638558
2005,6,2012.08060710063
2005,7,1998.95658721214
2005,8,1986.21393860473
2005,9,1978.91251506043
2005,10,1972.16594987721
2005,11,1968.89620685355
2005,12,1970.13700508896
2006,1,1969.09924813989
2006,2,1956.37862315125
2006,3,1946.62046770174
2006,4,1934.11079037043
2006,5,1917.37348555323
2006,6,1892.18333545296
2006,7,1873.99057712927
2006,8,1860.15035154511
2006,9,1846.50923691025
2006,10,1834.15192595493
2006,11,1821.42786316496
2006,12,1808.35415221809
2007,1,1852.66509877985
2007,2,1772.11694230823
2007,3,1758.98949225896
2007,4,1754.54918492842
2007,5,1753.72091279686
2007,6,1751.88388631703
2007,7,1749.77285195873
2007,8,1747.13525320041
2007,9,1743.07600592779
2007,10,1742.6670597557
2007,11,1742.03398247404
2007,12,1741.22767237121
2008,1,1771.05906043183
2008,2,1528.39717788994
2008,3,1526.29832206291
2008,4,1526.03766664055
2008,5,1523.77643351899
2008,6,1521.66777032401
2008,7,1518.74365757765
2008,8,1508.76255488368
2008,9,1498.85512221653
2008,10,1496.12191450128
2008,11,1488.27792450328
2008,12,1477.44226501623
2009,1,1473.22772616949
2009,2,1451.30047602609
2009,3,1429.02677818015
2009,4,1427.63369590457
2009,5,1426.10834901176
2009,6,1422.84592527675
2009,7,1421.51858763546
2009,8,1421.43311875126
2009,9,1297.44035708061
2009,10,925.881924696549
2009,11,927.114621681686
2009,12,927.370807752913
2010,1,926.957537936887
2010,2,927.181136178782
2010,3,927.443962908563
2010,4,925.942212516349
2010,5,924.436960573608
2010,6,924.593274751502
2010,7,923.448315525969
2010,8,916.949257861568
2010,9,911.977089882842
2010,10,911.956323691751
2010,11,912.817035514489
2010,12,899.20244212811
2011,1,878.140594708049
2011,2,878.521453917718
2011,3,872.784076290703
2011,4,860.624174277816
2011,5,857.077248758795
2011,6,853.708382683629
2011,7,841.634865555213
2011,8,824.120083240247
2011,9,817.84181286635
2011,10,818.167985312204
2011,11,818.186267825422
2011,12,818.145229875371
2012,1,817.356862407509
2012,2,814.147167656393
2012,3,814.532730238285
2012,4,813.501352917477
2012,5,807.632258908681
2012,6,800.262381747613
2012,7,797.461707776472
2012,8,789.969260368669
2012,9,769.986169410724
2012,10,761.66965530068
2012,11,760.274971446414
2012,12,759.738604432572
2013,1,758.240436174888
2013,2,758.948028856419
2013,3,762.725081400192
2013,4,769.172832255365
2013,5,771.02036047603
2013,6,771.451750147568
2013,7,772.50409560745
2013,8,776.37099667469
2013,9,783.004657244708
2013,10,783.365193300426
2013,11,781.957092505696
2013,12,780.372212906022
2014,1,776.596620523579
2014,2,772.671694279587
2014,3,771.622037885008
2014,4,770.367774687006
2014,5,768.161073003692
2014,6,763.259462788288
2014,7,757.625526363705
2014,8,754.996779061418
2014,9,753.1959058385
2014,10,752.549568486159
2014,11,751.924327877241
2014,12,751.40238185538
2015,1,750.766162914745
2015,2,749.800288936067
2015,3,749.317417233168
2015,4,749.227250291924
2015,5,749.06445894018
2015,6,749.049692838517
2015,7,749.232325415106
2015,8,749.343498521185
2015,9,749.340434319568
2015,10,749.290023152756
2015,11,749.171835960819
2015,12,749.127541912877
