Year,Month,Concentration
1986,1,0
1986,2,0
1986,3,0
1986,4,0
1986,5,0
1986,6,0
1986,7,0
1986,8,0
1986,9,0
1986,10,0
1986,11,0
1986,12,0
1987,1,0
1987,2,0
1987,3,0
1987,4,0
1987,5,0
1987,6,0
1987,7,0
1987,8,0
1987,9,0
1987,10,0
1987,11,0
1987,12,0
1988,1,0
1988,2,0
1988,3,0
1988,4,0
1988,5,0
1988,6,0
1988,7,0
1988,8,0
1988,9,0
1988,10,0
1988,11,0
1988,12,0
1989,1,0
1989,2,0
1989,3,0
1989,4,0
1989,5,0
1989,6,0
1989,7,0
1989,8,0
1989,9,0
1989,10,0
1989,11,0
1989,12,0
1990,1,0
1990,2,0
1990,3,0
1990,4,0
1990,5,0
1990,6,0
1990,7,0
1990,8,0
1990,9,0
1990,10,0
1990,11,0
1990,12,0
1991,1,0
1991,2,0
1991,3,0
1991,4,0
1991,5,0
1991,6,0
1991,7,0
1991,8,0
1991,9,0
1991,10,0
1991,11,0
1991,12,0
1992,1,0
1992,2,0
1992,3,0
1992,4,0
1992,5,0
1992,6,0
1992,7,0
1992,8,0
1992,9,0
1992,10,0
1992,11,0
1992,12,0
1993,1,0
1993,2,0
1993,3,0
1993,4,0
1993,5,0
1993,6,0
1993,7,0
1993,8,0
1993,9,0
1993,10,0
1993,11,0
1993,12,0
1994,1,0
1994,2,0
1994,3,0
1994,4,0
1994,5,0
1994,6,0
1994,7,0
1994,8,0
1994,9,0
1994,10,0
1994,11,0
1994,12,0
1995,1,0
1995,2,0
1995,3,0
1995,4,0
1995,5,0
1995,6,0
1995,7,0
1995,8,0
1995,9,0
1995,10,0
1995,11,0
1995,12,0
1996,1,0
1996,2,0
1996,3,0
1996,4,0
1996,5,0
1996,6,0
1996,7,0
1996,8,0
1996,9,0
1996,10,0
1996,11,0
1996,12,0
1997,1,0
1997,2,0
1997,3,0
1997,4,0
1997,5,0
1997,6,0
1997,7,0
1997,8,0
1997,9,0
1997,10,0
1997,11,0
1997,12,0
1998,1,18.4215319764445
1998,2,22.910009578342
1998,3,22.8892459754118
1998,4,22.7842694859452
1998,5,22.7544279136379
1998,6,22.791854082401
1998,7,22.9478470691162
1998,8,23.0790224775183
1998,9,23.2069620671126
1998,10,23.4032846357534
1998,11,23.429639230482
1998,12,23.6019015864171
1999,1,23.778445297437
1999,2,24.0707929800252
1999,3,24.6451980626196
1999,4,25.289787745265
1999,5,25.7618781457113
1999,6,25.9372051226251
1999,7,26.16099698568
1999,8,26.4943455426537
1999,9,27.0622939847336
1999,10,27.2562234001395
1999,11,27.436547844331
1999,12,27.474239956064
2000,1,27.447037827586
2000,2,27.3641333739185
2000,3,27.3930976972708
2000,4,27.4209669207129
2000,5,27.5327969979117
2000,6,27.7576944960418
2000,7,27.9593264657756
2000,8,28.1494272818106
2000,9,28.3739471792046
2000,10,28.3458958250377
2000,11,28.2585311432862
2000,12,28.0200820555105
2001,1,27.7183497321832
2001,2,27.515186189197
2001,3,27.4785522786055
2001,4,27.4091582069751
2001,5,27.3664300630436
2001,6,27.3454242880786
2001,7,26.7873504143634
2001,8,26.0203585412068
2001,9,25.0322186948414
2001,10,24.7330396016772
2001,11,24.2774832288868
2001,12,23.3944302137793
2002,1,23.1273561017116
2002,2,22.9879881444144
2002,3,22.7261598006709
2002,4,22.5330676100101
2002,5,22.2937240121923
2002,6,22.0207957879076
2002,7,21.8206814582274
2002,8,21.6447920216147
2002,9,21.5780809942266
2002,10,21.5030694527365
2002,11,21.3327766712257
2002,12,21.245364524604
2003,1,21.1459125618224
2003,2,20.8604955554408
2003,3,20.812460634221
2003,4,20.7963678320178
2003,5,20.7692214606168
2003,6,20.6357496196467
2003,7,20.5244673587327
2003,8,20.3771074750018
2003,9,20.3945728979897
2003,10,20.4115040762895
2003,11,20.4645990638432
2003,12,20.4732769697753
2004,1,20.4257261330353
2004,2,20.2418552805286
2004,3,20.1700842098326
2004,4,20.1248678960882
2004,5,20.0801319940044
2004,6,20.0716039097294
2004,7,20.0869209447634
2004,8,20.0480633324418
2004,9,20.0841275228598
2004,10,20.0391708869749
2004,11,19.9862827439075
2004,12,19.9362319506867
2005,1,19.8278157729088
2005,2,19.7360741326578
2005,3,19.7255692568087
2005,4,19.7359835316973
2005,5,19.7436834171024
2005,6,19.6681340788847
2005,7,19.4992918253343
2005,8,19.431362397348
2005,9,19.4257163154697
2005,10,19.4237053070375
2005,11,19.3848964811428
2005,12,19.6192694862118
2006,1,19.8371869150363
2006,2,19.900778087794
2006,3,19.9400238792665
2006,4,19.8855431131085
2006,5,19.8804453517932
2006,6,19.9198566210323
2006,7,19.9504615705067
2006,8,19.9558657132198
2006,9,19.9125802862127
2006,10,19.8635539005075
2006,11,19.8498463561606
2006,12,19.8417802298869
2007,1,19.8236832523697
2007,2,19.8420072088833
2007,3,19.9446094147454
2007,4,19.9228741740237
2007,5,19.9091169020818
2007,6,19.8524293500399
2007,7,19.8546804699147
2007,8,19.8380191988753
2007,9,19.786622565801
2007,10,19.7587974869372
2007,11,19.756378417409
2007,12,19.7559870916393
2008,1,19.7574955445115
2008,2,19.7181735579454
2008,3,19.7154560565659
2008,4,19.7195191451363
2008,5,19.7257541050947
2008,6,19.737375099221
2008,7,19.7012233134578
2008,8,19.6586744431351
2008,9,19.688659689265
2008,10,19.7025124855779
2008,11,19.7106768882603
2008,12,19.6985075383121
2009,1,19.7476059284455
2009,2,19.7843490341105
2009,3,19.8235972694954
2009,4,19.8863754899494
2009,5,19.919088892302
2009,6,19.9826687193256
2009,7,20.0247653827934
2009,8,20.0972545890085
2009,9,20.3816315160744
2009,10,20.4378809384583
2009,11,20.358380836002
2009,12,20.336544915047
2010,1,20.3552592426904
2010,2,20.3615223395166
2010,3,20.3329634808418
2010,4,20.2880045707288
2010,5,20.2830586555715
2010,6,20.2188524881623
2010,7,20.0372524854143
2010,8,19.988381851413
2010,9,19.9713444473569
2010,10,19.9638814771803
2010,11,19.9934286276818
2010,12,20.0515480683826
2011,1,20.1051768957552
2011,2,20.2245510321851
2011,3,20.164738439583
2011,4,20.0913333890326
2011,5,19.9968751876461
2011,6,19.8402463648764
2011,7,19.7908545522014
2011,8,19.7685589323426
2011,9,19.7954977654187
2011,10,19.772487810769
2011,11,19.7748996017513
2011,12,19.7557270875371
2012,1,19.877313621142
2012,2,20.1991514549177
2012,3,20.2541423914953
2012,4,20.3670143125564
2012,5,20.6813331057741
2012,6,21.2615760445046
2012,7,21.3288603929503
2012,8,21.6412304742685
2012,9,21.7909464869529
2012,10,21.8062897378721
2012,11,21.8827389047538
2012,12,22.3561133286303
2013,1,22.7202366963283
2013,2,23.2176777165064
2013,3,23.3511997311109
2013,4,23.4726005141231
2013,5,23.6315754177623
2013,6,23.6661029341737
2013,7,23.6627755502583
2013,8,23.6617201716145
2013,9,23.6213717687126
2013,10,23.6239299779342
2013,11,23.6158826475176
2013,12,23.624247512996
2014,1,23.6452396192872
2014,2,23.6970990739683
2014,3,23.7228468791742
2014,4,23.7563842702264
2014,5,23.7771797055149
2014,6,23.8413915286902
2014,7,23.7936111121443
2014,8,23.8734877765084
2014,9,24.0337986834412
2014,10,24.0749808298595
2014,11,24.1048946066467
2014,12,24.0945796488951
2015,1,24.1051757695525
2015,2,24.1270847252532
2015,3,24.1326158188829
2015,4,24.1421550859058
2015,5,24.1411207113235
2015,6,24.1653443482973
2015,7,24.3119799146883
2015,8,24.5866987561573
2015,9,24.5975131845931
2015,10,24.6791640741387
2015,11,24.6932473554294
2015,12,24.7071408414495
2016,1,24.7157275074736
2016,2,24.7371290320492
2016,3,24.8220067187141
2016,4,24.8619729939979
2016,5,24.8756499997339
2016,6,24.8568660979459
2016,7,24.8319870359915
2016,8,24.8149653087205
2016,9,24.8449731896868
2016,10,24.8442930706513
2016,11,24.9215563516974
2016,12,24.9354416923743
2017,1,24.9017502771793
2017,2,24.8913601932166
2017,3,24.870334237761
2017,4,24.8460646292646
2017,5,24.8285719992396
2017,6,24.8026702318655
2017,7,24.7678168007307
2017,8,24.7592052304794
2017,9,24.755138671001
2017,10,24.7494949120931
2017,11,24.743788995761
2017,12,24.7424890827567
2018,1,24.7460147291366
2018,2,24.7428525886661
2018,3,24.7344013798313
2018,4,24.7245345677177
2018,5,24.7071716260182
2018,6,24.6761478420345
2018,7,24.6620006521442
2018,8,24.6826771757288
2018,9,24.6952476399229
2018,10,24.7212849206392
2018,11,24.7268850493389
2018,12,24.7334264005529
2019,1,24.7321135886274
2019,2,24.7371766664695
2019,3,24.7510453777194
2019,4,24.7578053899014
2019,5,24.7626413187583
2019,6,24.7390618822821
2019,7,24.7113630058832
2019,8,24.57162858005
2019,9,24.5773713826587
2019,10,24.5817155651965
2019,11,24.5839326155625
2019,12,24.5839326155625
