Year,Month,Concentration
1986,1,0
1986,2,0
1986,3,0
1986,4,0
1986,5,0
1986,6,0
1986,7,0
1986,8,0
1986,9,0
1986,10,0
1986,11,0
1986,12,0
1987,1,0
1987,2,0
1987,3,0
1987,4,0
1987,5,0
1987,6,0
1987,7,0
1987,8,0
1987,9,0
1987,10,0
1987,11,0
1987,12,0
1988,1,0
1988,2,0
1988,3,0
1988,4,0
1988,5,0
1988,6,0
1988,7,0
1988,8,0
1988,9,0
1988,10,0
1988,11,0
1988,12,0
1989,1,0
1989,2,0
1989,3,0
1989,4,0
1989,5,0
1989,6,0
1989,7,20.449587902934
1989,8,40.901827372595
1989,9,40.901827372595
1989,10,40.7630893388103
1989,11,39.9709928846701
1989,12,39.9709928846701
1990,1,39.8401843439395
1990,2,39.653246238597
1990,3,39.6539485179561
1990,4,39.4776708069327
1990,5,38.687834455015
1990,6,38.687834455015
1990,7,38.6595380979422
1990,8,38.4118769086765
1990,9,38.4118769086765
1990,10,3019.15843607154
1990,11,11623.5190215122
1990,12,11587.2459986536
1991,1,11549.1411990185
1991,2,11404.6595108068
1991,3,11370.810175307
1991,4,11385.2858435452
1991,5,2306.38523185206
1991,6,35.4354853815532
1991,7,35.3545869860233
1991,8,33.8513685851644
1991,9,32.7994902638619
1991,10,32.7561400994814
1991,11,32.1943448677126
1991,12,32.1739255727171
1992,1,31.7992264303351
1992,2,31.38630600237
1992,3,31.300195011527
1992,4,31.1895022204979
1992,5,31.1269710560058
1992,6,31.1246544677719
1992,7,31.1055069982251
1992,8,31.0772299651165
1992,9,2780.90513978745
1992,10,11006.1362617861
1992,11,10856.259241899
1992,12,10814.0143173602
1993,1,10798.3410058404
1993,2,10759.4901838422
1993,3,10601.864957933
1993,4,10613.0180925723
1993,5,10512.9928352311
1993,6,10506.907767997
1993,7,10515.690000919
1993,8,10384.6088076933
1993,9,10292.8958062942
1993,10,10187.6662119782
1993,11,10101.4301000305
1993,12,9996.46812947983
1994,1,9984.44005085104
1994,2,9983.17707180505
1994,3,9980.93654012576
1994,4,9968.0440227446
1994,5,9739.22318483239
1994,6,9233.52974782337
1994,7,8085.0128816404
1994,8,7949.72587762317
1994,9,7569.98048065144
1994,10,6215.38417566275
1994,11,5699.35540645878
1994,12,5684.24350776097
1995,1,5654.88849792654
1995,2,5647.98984954268
1995,3,5645.36558411706
1995,4,5595.71459464208
1995,5,5535.52046043224
1995,6,5513.18903813493
1995,7,5501.15704470472
1995,8,3.08770768285842
1995,9,3.08803801129566
1995,10,3.09616860417208
1995,11,3.09701924833561
1995,12,3.09632547901878
1996,1,3.09496225403633
1996,2,3.09272670414602
1996,3,3.09193578765301
1996,4,3.09616161913923
1996,5,3.09691546529757
1996,6,3.09995127442147
1996,7,3.11007889922229
1996,8,3.12011406950768
1996,9,3.12506095488522
1996,10,3.12666713923357
1996,11,3.12778528646826
1996,12,3.12687415547387
1997,1,3.13126806508382
1997,2,3.13479118776861
1997,3,3.13853421059044
1997,4,3.16322011208068
1997,5,3.17037816887616
1997,6,3.17217126298582
1997,7,3.16680011110509
1997,8,3.1838604093929
1997,9,3.22764917255045
1997,10,3.25196649189784
1997,11,2566.20134991638
1997,12,5109.66576192653
1998,1,4084.92664894679
1998,2,1272.13802748485
1998,3,2489.29072191614
1998,4,4975.13865649575
1998,5,4988.72749618446
1998,6,5061.71705509788
1998,7,5053.93041157675
1998,8,5033.8547866063
1998,9,5022.54522545699
1998,10,4991.26163741585
1998,11,1243.07184477689
1998,12,531.80541024883
1999,1,708.323987159155
1999,2,707.731464568244
1999,3,707.554660085661
1999,4,706.789540026853
1999,5,704.594684229621
1999,6,702.979597274665
1999,7,700.621218487613
1999,8,698.59768897291
1999,9,690.038475197787
1999,10,666.894327197901
1999,11,660.157686048473
1999,12,657.839759311482
2000,1,648.183867835661
2000,2,641.409029879941
2000,3,637.234502470457
2000,4,635.466665283362
2000,5,634.693654695816
2000,6,632.942936894928
2000,7,634.148948758884
2000,8,633.923418817585
2000,9,633.122788692276
2000,10,632.619492208029
2000,11,631.340207752308
2000,12,633.468784614807
2001,1,634.424865391976
2001,2,638.667971854994
2001,3,638.834779618019
2001,4,635.677035861867
2001,5,633.260991444895
2001,6,634.418176407566
2001,7,635.273775856394
2001,8,634.992417046057
2001,9,632.188145821597
2001,10,621.018921628195
2001,11,611.414703086792
2001,12,606.666263735222
2002,1,603.669462772217
2002,2,601.512331494149
2002,3,601.482373019384
2002,4,601.961112226064
2002,5,601.377695731275
2002,6,152.689440510516
2002,7,2.95801352261653
2002,8,2.94646315444465
2002,9,2.94218273319309
2002,10,2.93971808194609
2002,11,158.919183697877
2002,12,199.247186578171
2003,1,200.724151418568
2003,2,202.4579300178
2003,3,202.529680381884
2003,4,202.760598342385
2003,5,203.438743321886
2003,6,203.631988296305
2003,7,2201.32001382283
2003,8,2859.63009187
2003,9,2847.94709835315
2003,10,2296.83920560677
2003,11,201.536914828059
2003,12,201.436002850417
2004,1,201.112673939968
2004,2,200.186999858627
2004,3,198.715888183328
2004,4,196.646314239483
2004,5,195.97577885118
2004,6,194.714909781684
2004,7,192.600705750152
2004,8,191.341176937269
2004,9,190.484183107028
2004,10,189.658366648242
2004,11,188.714402825122
2004,12,2249.81585035437
2005,1,2765.8167996725
2005,2,2768.93161171538
2005,3,2124.77102715209
2005,4,2251.76020514527
2005,5,2756.58670196585
2005,6,2762.92084056206
2005,7,2765.3232292614
2005,8,2761.3291644843
2005,9,2761.14369075421
2005,10,2760.8138134582
2005,11,2741.80947473944
2005,12,2738.14819795777
2006,1,2733.76667208454
2006,2,2729.07706323379
2006,3,2729.89241524299
2006,4,2721.97371498223
2006,5,2719.35573092799
2006,6,2718.90512141641
2006,7,2715.27854480058
2006,8,2713.11716502749
2006,9,2708.02525249588
2006,10,2698.83367626348
2006,11,2694.0837821227
2006,12,2689.68097364906
2007,1,2684.19398771782
2007,2,2672.50005444602
2007,3,2668.60429141824
2007,4,2667.44197297713
2007,5,2670.68775562642
2007,6,2652.24294383224
2007,7,2643.94037109452
2007,8,2641.94849768625
2007,9,2638.14739933528
2007,10,2639.98304048413
2007,11,2638.69845707985
2007,12,2623.87896315774
2008,1,2615.98552973766
2008,2,2612.21714379962
2008,3,2608.90514607055
2008,4,2609.67620089415
2008,5,2609.22869348948
2008,6,2602.17775473491
2008,7,2599.5244684563
2008,8,2589.6366872264
2008,9,2576.93278396304
2008,10,2568.34649097473
2008,11,2561.90416847073
2008,12,2559.82351507872
2009,1,2554.49134819958
2009,2,2550.87681412834
2009,3,2550.00988602469
2009,4,2550.25792344565
2009,5,2550.98778862322
2009,6,2545.98108328499
2009,7,2543.65488177715
2009,8,2542.97177401756
2009,9,2536.56636474118
2009,10,2530.98646234026
2009,11,2525.84672855804
2009,12,2525.12940533855
2010,1,1765.14553331036
2010,2,2521.64917685565
2010,3,2519.54238301573
2010,4,2519.28307883701
2010,5,2517.08758806867
2010,6,2516.61667285207
2010,7,628.916282733839
2010,8,631.589328317645
2010,9,633.633859415398
2010,10,635.408144398566
2010,11,635.666200017982
2010,12,636.023919284636
2011,1,636.183722268736
2011,2,636.237357936781
2011,3,634.413059391604
2011,4,633.726246442895
2011,5,632.687518477756
2011,6,630.884179629189
2011,7,626.594209373443
2011,8,625.952779839454
2011,9,625.356329703075
2011,10,622.73851048937
2011,11,1539.61448758887
2011,12,1355.37347703505
2012,1,1538.64633934074
2012,2,2456.00478686287
2012,3,2452.59213245951
2012,4,2452.59213245951
2012,5,2453.1658315797
2012,6,2450.29436416885
2012,7,2451.16821675809
2012,8,2450.15407462569
2012,9,2449.63588335764
2012,10,2449.4382549966
2012,11,2449.19546922689
2012,12,2448.78699221044
2013,1,2449.20217244809
2013,2,2449.69955929795
2013,3,2449.69955929795
2013,4,2453.30888472472
2013,5,2456.91821015148
2013,6,2456.45282173737
2013,7,2455.56599498227
2013,8,2455.76287398351
2013,9,2456.77395379487
2013,10,2456.48502636159
2013,11,2456.59188814667
2013,12,2458.17504502006
2014,1,2467.33214470615
2014,2,2471.39927394925
2014,3,2482.12831630546
2014,4,2481.79946873028
2014,5,2494.0056194841
2014,6,2509.20756741047
2014,7,2576.48594715163
2014,8,2695.98918717789
2014,9,2730.375409932
2014,10,2785.12951618917
2014,11,2802.28703453934
2014,12,2800.02914983767
2015,1,2803.03248561727
2015,2,2802.32912899963
2015,3,2776.19719005032
2015,4,2771.26957522764
2015,5,2773.00233982621
2015,6,2777.62045374294
2015,7,2778.45544877686
2015,8,2798.05612766362
2015,9,2834.7305559239
2015,10,2843.07278263168
2015,11,2854.61150330661
2015,12,2860.44741321645
2016,1,2861.20705337453
2016,2,2864.88514255357
2016,3,2866.39480190451
2016,4,2865.46047111711
2016,5,2866.89336261628
2016,6,2866.92853446618
2016,7,2867.63261142968
2016,8,2864.1880214075
2016,9,2863.12508780319
2016,10,2861.73745243691
2016,11,2867.75740168536
2016,12,2871.03861153138
2017,1,2871.2407749589
2017,2,2871.332891733
2017,3,2875.25674720142
2017,4,2874.90128005267
2017,5,2874.90128005267
2017,6,2874.90128005267
2017,7,2874.90128005267
2017,8,2874.07183937788
2017,9,2873.41442835569
2017,10,2873.23374817697
2017,11,2873.23374817697
2017,12,2873.23374817697
