Year,Month,Concentration
1986,1,9666.76111998382
1986,2,9666.76111998382
1986,3,9666.76111998382
1986,4,9666.76111998382
1986,5,9666.76111998382
1986,6,9666.76111998382
1986,7,9666.76111998382
1986,8,9666.76111998382
1986,9,9666.76111998382
1986,10,9666.76111998382
1986,11,9666.76111998382
1986,12,9700.46987850518
1987,1,9710.26916387667
1987,2,9724.96809193389
1987,3,9724.96809193389
1987,4,9756.76593592444
1987,5,9852.15946789607
1987,6,9852.15946789607
1987,7,9852.15946789607
1987,8,9882.3698421147
1987,9,9899.23434083426
1987,10,9886.22354433211
1987,11,9879.74890639351
1987,12,9879.74890639351
1988,1,9879.75854591084
1988,2,9872.79396536156
1988,3,9872.79396536156
1988,4,9878.60593838746
1988,5,9883.3903020731
1988,6,9886.50482522084
1988,7,9889.64956688186
1988,8,9813.99075360691
1988,9,9634.33236810691
1988,10,9581.4767675242
1988,11,9569.86040392539
1988,12,9342.97269660745
1989,1,9255.50607124078
1989,2,9185.5121319923
1989,3,9096.35104840201
1989,4,9043.40107203256
1989,5,9033.79861555413
1989,6,8941.49901223597
1989,7,8750.71904369818
1989,8,8629.44192699801
1989,9,8542.96586017109
1989,10,8393.84899988234
1989,11,8230.50151605178
1989,12,8026.05366932387
1990,1,7482.73259227938
1990,2,7223.97951406436
1990,3,7163.0647172319
1990,4,7156.5646459278
1990,5,7140.16341243315
1990,6,6749.19400224985
1990,7,5902.92556557936
1990,8,5456.75462124856
1990,9,5418.77133782094
1990,10,5335.05072006869
1990,11,4976.79588465533
1990,12,4924.66238707856
1991,1,4856.93002859489
1991,2,4632.73926277392
1991,3,4611.87777023625
1991,4,4604.4293556702
1991,5,4548.86432171972
1991,6,4535.59376444594
1991,7,4536.86446125046
1991,8,4521.20390967165
1991,9,4497.53396177918
1991,10,4497.53396177918
1991,11,4461.95072841178
1991,12,4461.95072841178
1992,1,4472.5105173633
1992,2,4447.87276594971
1992,3,4441.98524002377
1992,4,4433.66889959221
1992,5,4378.8471341547
1992,6,4351.65788205482
1992,7,4236.21388373592
1992,8,4191.69653541583
1992,9,4191.69653541583
1992,10,4186.92685180805
1992,11,4154.6065725293
1992,12,4144.89307579367
1993,1,4127.98019218163
1993,2,4115.75492240483
1993,3,3949.27763027215
1993,4,3949.27763027215
1993,5,3920.36601741194
1993,6,3918.08933841746
1993,7,3898.68884031731
1993,8,3814.41406387193
1993,9,3782.39271253202
1993,10,3739.30087368481
1993,11,3701.3282271002
1993,12,3660.82237985208
1994,1,3649.21707683212
1994,2,3620.90005301844
1994,3,3573.86052499293
1994,4,3451.53068402802
1994,5,3240.64962254956
1994,6,2924.42145853824
1994,7,2247.83539054451
1994,8,2231.54842302435
1994,9,2189.69276352661
1994,10,2123.73966226256
1994,11,2108.1429412674
1994,12,2107.45564850892
1995,1,2107.45564850892
1995,2,2107.45564850892
1995,3,2106.64908621227
1995,4,2076.90051805787
1995,5,2068.17066216401
1995,6,2068.17066216401
1995,7,2068.17066216401
1995,8,2068.17066216401
1995,9,2068.17066216401
1995,10,2067.76241233529
1995,11,2067.76241233529
1995,12,2068.32081282077
1996,1,2069.3735316719
1996,2,2069.58864979482
1996,3,2069.58864979482
1996,4,2069.58864979482
1996,5,2069.58864979482
1996,6,2069.50193262242
1996,7,2065.63632388337
1996,8,2058.70881361142
1996,9,2058.05537903362
1996,10,2057.98353575594
1996,11,2055.98350319793
1996,12,2047.4763577645
1997,1,2039.15586799372
1997,2,2038.78921496485
1997,3,2011.2505609391
1997,4,1988.15080414331
1997,5,1987.48928718432
1997,6,1987.48928718432
1997,7,1987.48928718432
1997,8,1987.48928718432
1997,9,1987.48928718432
1997,10,1987.48928718432
1997,11,1987.07290785061
1997,12,1986.1764643255
1998,1,1986.1764643255
1998,2,1986.0104602066
1998,3,1952.18517540319
1998,4,1935.20889510139
1998,5,1944.58402025548
1998,6,1960.62247141383
1998,7,1960.12553842691
1998,8,1966.52352118051
1998,9,1977.20595105365
1998,10,1980.20253998426
1998,11,1982.93942139543
1998,12,1985.81080455702
1999,1,1982.37839141728
1999,2,1982.32592696311
1999,3,1979.03139316751
1999,4,1971.32581811122
1999,5,1963.1736103543
1999,6,1963.8703049793
1999,7,1962.29259926651
1999,8,1963.05395319463
1999,9,1961.83396205637
1999,10,1964.921882867
1999,11,1957.73662136717
1999,12,1953.151624107
2000,1,1949.347210639
2000,2,1950.28534060417
2000,3,1953.21904132772
2000,4,1950.53974420039
2000,5,1955.74706972783
2000,6,2021.62206558213
2000,7,2018.01059783504
2000,8,2019.2943317458
2000,9,2011.9738814223
2000,10,2005.30551771991
2000,11,2004.84554518026
2000,12,1991.11489268975
2001,1,1981.31787866926
2001,2,1974.03835852975
2001,3,1956.54456207157
2001,4,1954.62927480988
2001,5,1956.06078750562
2001,6,1961.93002610581
2001,7,1951.34875880622
2001,8,1948.94308078618
2001,9,1936.99211070763
2001,10,1873.17802446034
2001,11,1884.01521582989
2001,12,1900.84090697765
2002,1,1915.78604596135
2002,2,1924.46901582355
2002,3,1929.89156269967
2002,4,1927.32391940954
2002,5,1926.00937193016
2002,6,1928.98612111746
2002,7,1934.07935972906
2002,8,835.21963093139
2002,9,559.696781470965
2002,10,558.969953137599
2002,11,567.803094206547
2002,12,575.624508761543
2003,1,577.156241409133
2003,2,580.59095821555
2003,3,580.996344742128
2003,4,579.754617821046
2003,5,582.773230383304
2003,6,594.054357122911
2003,7,1583.7501096113
2003,8,1908.29257216639
2003,9,1907.89059912002
2003,10,1894.70122978075
2003,11,1894.8789862148
2003,12,1895.58918140407
2004,1,1892.16519388661
2004,2,1888.17342838647
2004,3,1885.71729541674
2004,4,1879.69550590078
2004,5,630.011591848856
2004,6,524.617957991864
2004,7,627.723492845898
2004,8,629.671537272418
2004,9,630.277593938198
2004,10,631.409672473732
2004,11,633.118687918091
2004,12,634.426796877604
2005,1,634.952575049022
2005,2,641.502030742025
2005,3,644.716738804291
2005,4,644.814163530709
2005,5,648.854081180929
2005,6,650.29363620348
2005,7,650.37124059028
2005,8,650.946065542587
2005,9,651.270184183401
2005,10,651.026167569474
2005,11,652.115980973027
2005,12,651.362641021549
2006,1,646.987366112893
2006,2,637.029065255977
2006,3,632.566195967819
2006,4,620.128109014851
2006,5,614.910448351234
2006,6,613.60000776202
2006,7,613.9505762175
2006,8,614.235118665534
2006,9,615.685522158963
2006,10,617.689775246611
2006,11,620.279888993363
2006,12,622.804127261751
2007,1,623.235497331275
2007,2,625.45868738735
2007,3,625.444891244199
2007,4,625.670262086506
2007,5,625.996076400653
2007,6,626.457831459531
2007,7,626.504319066053
2007,8,625.851971519676
2007,9,624.96272511462
2007,10,624.613281681873
2007,11,624.155450385116
2007,12,623.43536934077
2008,1,623.352648717893
2008,2,623.447042798701
2008,3,623.815889069582
2008,4,623.072832626808
2008,5,622.796781164703
2008,6,624.074448263728
2008,7,619.65751389528
2008,8,618.845602529704
2008,9,618.631666473605
2008,10,616.094463150875
2008,11,614.951595553256
2008,12,614.733733261788
2009,1,612.23788568918
2009,2,610.586033909235
2009,3,610.072441256996
2009,4,609.709457701434
2009,5,609.547600170471
2009,6,609.602669929165
2009,7,606.931539968309
2009,8,605.232632169277
2009,9,605.365797010207
2009,10,605.361953005221
2009,11,605.508987167262
2009,12,605.574996538165
2010,1,605.633137411531
2010,2,605.805592025073
2010,3,606.055294209734
2010,4,606.354371605974
2010,5,606.248698750406
2010,6,606.137676068267
2010,7,607.298606033798
2010,8,607.60692288415
2010,9,607.938592565449
2010,10,606.84169778824
2010,11,607.091456823054
2010,12,606.916443352559
2011,1,606.74612039821
2011,2,600.242414035641
2011,3,581.369528387399
2011,4,581.199352557734
2011,5,580.401541769389
2011,6,577.674011490661
2011,7,574.127440177366
2011,8,570.462759650569
2011,9,566.895082431006
2011,10,563.643836619389
2011,11,562.703818956172
2011,12,562.590446853475
2012,1,562.235013609908
2012,2,558.910381352985
2012,3,551.988709738154
2012,4,551.325607834252
2012,5,550.450220122138
2012,6,549.326886454608
2012,7,544.599248609569
2012,8,540.604628434566
2012,9,537.775627105104
2012,10,536.880145589449
2012,11,536.685610778179
2012,12,536.424289534156
2013,1,535.688606306152
2013,2,532.151919533953
2013,3,528.219656718062
2013,4,527.508461779376
2013,5,527.185571885354
2013,6,526.429850543884
2013,7,526.034410449439
2013,8,525.145526552392
2013,9,524.950116859711
2013,10,524.822271374898
2013,11,524.866714679251
2013,12,525.215695249137
2014,1,525.76604260321
2014,2,526.760252766857
2014,3,527.760294721839
2014,4,527.632127603447
2014,5,527.487107412767
2014,6,527.363700139767
2014,7,527.223521008743
2014,8,527.141635035224
2014,9,527.109316284162
2014,10,527.092022789601
2014,11,526.631507362886
2014,12,526.63575148571
2015,1,526.434328950871
2015,2,526.215868634173
2015,3,526.037839523183
2015,4,526.02791488212
2015,5,526.246731909524
2015,6,526.373847144702
2015,7,526.591080079685
2015,8,526.569642269272
2015,9,526.09585397044
2015,10,525.612477039756
2015,11,525.287064515471
2015,12,525.107854389263
2016,1,525.070365574608
2016,2,524.996698423691
2016,3,524.312211819927
2016,4,524.187760550397
2016,5,524.193836931973
2016,6,524.143603908512
2016,7,524.171309776831
2016,8,523.850013510777
2016,9,523.651116447365
2016,10,523.288489272008
2016,11,523.119031887066
2016,12,522.935452843615
2017,1,522.912256145217
2017,2,522.766457405425
2017,3,521.962808926196
2017,4,521.585928856976
2017,5,520.92958620099
2017,6,520.508117440385
2017,7,518.544402173847
2017,8,518.465975628345
2017,9,518.476218127636
2017,10,518.486236738009
2017,11,518.245539703167
2017,12,518.16530735822
