Year,Month,Concentration
1986,1,37274.2995955897
1986,2,37274.2995955897
1986,3,37274.2995955897
1986,4,37274.2995955897
1986,5,37274.2995955897
1986,6,37274.2995955897
1986,7,37274.2995955897
1986,8,37274.2995955897
1986,9,37274.2995955897
1986,10,37274.2995955897
1986,11,37274.2995955897
1986,12,37403.8312956293
1987,1,37483.0413923437
1987,2,37601.8565374152
1987,3,37601.8565374152
1987,4,37730.6010441762
1987,5,38116.8345644594
1987,6,38116.8345644594
1987,7,38116.8345644594
1987,8,38238.177069897
1987,9,38337.198401983
1987,10,38321.9197028024
1987,11,38326.0683852428
1987,12,38326.0683852428
1988,1,38324.6544886296
1988,2,38295.9015108054
1988,3,38295.9015108054
1988,4,38317.1105046
1988,5,38326.2288362274
1988,6,38330.571348958
1988,7,38330.571348958
1988,8,38108.6773392351
1988,9,37517.6262930154
1988,10,37239.0972509361
1988,11,37133.5698944767
1988,12,36308.1923027869
1989,1,35919.5528604112
1989,2,35496.518325109
1989,3,34997.6280489227
1989,4,34822.7284367155
1989,5,34776.9489158135
1989,6,34406.248630977
1989,7,33666.9461054094
1989,8,33013.2762201893
1989,9,32496.9142494618
1989,10,32035.2084440455
1989,11,31747.3662364262
1989,12,31086.4591098636
1990,1,29965.5554471294
1990,2,29376.0137894161
1990,3,29092.1334312349
1990,4,29025.7895184887
1990,5,28997.9271823291
1990,6,28356.0955814396
1990,7,27136.7189017591
1990,8,26361.1183573184
1990,9,26107.2951698282
1990,10,25823.6220819168
1990,11,25155.6429639814
1990,12,24957.5444676481
1991,1,24822.2971573825
1991,2,24381.6327350948
1991,3,24342.2620604839
1991,4,24261.554554711
1991,5,24305.7712355614
1991,6,24322.9094489699
1991,7,24336.0623703336
1991,8,24307.3667110384
1991,9,24281.2132733169
1991,10,24281.2132733169
1991,11,24166.5138228159
1991,12,24166.5138228159
1992,1,24200.3124243997
1992,2,24175.0333774547
1992,3,24175.2652051008
1992,4,24131.1648174325
1992,5,24048.6466743035
1992,6,24010.8140178197
1992,7,23994.0626237635
1992,8,24027.8245792432
1992,9,24027.8245792432
1992,10,24041.3063390402
1992,11,23999.0368972656
1992,12,23981.9511367191
1993,1,23989.6756451346
1993,2,23961.2008297083
1993,3,23879.2516269007
1993,4,23879.2516269007
1993,5,23880.9593996253
1993,6,23919.3595770362
1993,7,23930.6318667131
1993,8,23819.5041203556
1993,9,23810.42013119
1993,10,23780.6043986421
1993,11,23885.5190499721
1993,12,23922.6182952564
1994,1,24006.977696046
1994,2,24046.8546694011
1994,3,24035.768470383
1994,4,24043.6206479142
1994,5,23904.1769711917
1994,6,23648.418157045
1994,7,23336.691912516
1994,8,23280.3057635456
1994,9,23264.2704523257
1994,10,23018.3608843677
1994,11,22839.4506655306
1994,12,22791.3566951361
1995,1,22759.3076344622
1995,2,22759.3076344622
1995,3,22749.2756210148
1995,4,22561.7730217267
1995,5,22481.0735584791
1995,6,22458.0808359463
1995,7,22412.0897417199
1995,8,22325.0905763133
1995,9,22325.0905763133
1995,10,22155.2920675535
1995,11,22155.2920675535
1995,12,22112.4520022786
1996,1,21918.2149982652
1996,2,21788.2380921641
1996,3,21788.2380921641
1996,4,21788.2380921641
1996,5,21788.2380921641
1996,6,21785.3893550766
1996,7,21735.8534540193
1996,8,21707.2096883618
1996,9,21704.9768128711
1996,10,21702.4898319892
1996,11,21642.7943295047
1996,12,21523.7350694658
1997,1,20781.0125219181
1997,2,20661.4906615607
1997,3,20106.6415662466
1997,4,19723.8643606165
1997,5,19695.5801281294
1997,6,19695.5801281294
1997,7,19617.4878299991
1997,8,19398.7162381585
1997,9,19340.6991936568
1997,10,19316.0831296033
1997,11,19246.2708964182
1997,12,19212.7899620399
1998,1,19203.257102627
1998,2,19143.2704016762
1998,3,18885.3672946694
1998,4,18627.987763456
1998,5,18566.5394317855
1998,6,18636.8032831755
1998,7,18635.7188019957
1998,8,18635.1604835747
1998,9,18653.2015164455
1998,10,18670.052797856
1998,11,18647.4083873413
1998,12,18448.6232817391
1999,1,18378.4583488875
1999,2,18276.2923265025
1999,3,18185.2538862978
1999,4,18062.4064392213
1999,5,17949.0597774948
1999,6,17844.6552883128
1999,7,17850.2764998197
1999,8,17884.2457492921
1999,9,17868.0211549783
1999,10,17778.3844074912
1999,11,17433.0455280849
1999,12,16979.1596226145
2000,1,16421.3455200382
2000,2,14723.973521167
2000,3,14060.1538966998
2000,4,13952.0633017404
2000,5,13596.7375988679
2000,6,10735.8978596127
2000,7,9971.15927868084
2000,8,9907.80816399041
2000,9,9841.04543902261
2000,10,9837.64744549066
2000,11,9847.78914403455
2000,12,9780.41670070429
2001,1,9764.29116591318
2001,2,9777.48576849727
2001,3,9544.58496808898
2001,4,9477.20174238445
2001,5,9477.23878574844
2001,6,9492.25821311921
2001,7,9525.92434177178
2001,8,9569.20372063034
2001,9,9602.54121953306
2001,10,9695.24065051856
2001,11,9636.4991455249
2001,12,9631.11303021367
2002,1,9671.52894912845
2002,2,9753.53282370838
2002,3,9828.36722607614
2002,4,9939.94281237348
2002,5,10092.7990447272
2002,6,10125.2553334174
2002,7,10108.1243408155
2002,8,10105.1246992582
2002,9,10137.3298743237
2002,10,10138.932660245
2002,11,10173.4843616274
2002,12,10137.2037862313
2003,1,10187.4864898567
2003,2,10272.5326604283
2003,3,10532.0251016479
2003,4,10623.6042937066
2003,5,10715.9291606775
2003,6,10683.4405309472
2003,7,10684.7150668635
2003,8,10686.9013883331
2003,9,10674.1411642378
2003,10,10675.0849746317
2003,11,10657.399235163
2003,12,10654.4540043338
2004,1,10665.7335070578
2004,2,10674.6420697191
2004,3,10668.2551591416
2004,4,10650.5163854807
2004,5,10529.094788827
2004,6,10518.2760859378
2004,7,10493.4927704966
2004,8,10299.6587827809
2004,9,10234.2477335445
2004,10,10235.6675813638
2004,11,10206.7302271556
2004,12,10168.9761313142
2005,1,10158.2570942059
2005,2,10159.7689816255
2005,3,10154.5835528541
2005,4,10141.1152706491
2005,5,10108.2835778578
2005,6,10100.7629438552
2005,7,10098.3442593461
2005,8,10014.7002002487
2005,9,10020.359207961
2005,10,10021.0713092865
2005,11,9897.34754284757
2005,12,9882.73933682486
2006,1,9854.61037360866
2006,2,9787.92536080892
2006,3,9784.53773516615
2006,4,9757.59605628266
2006,5,9725.72902631445
2006,6,9720.51676290601
2006,7,9582.20305756639
2006,8,9520.68468320277
2006,9,9505.931261399
2006,10,9482.97560151629
2006,11,9455.532356901
2006,12,9452.61712707061
2007,1,9425.296276714
2007,2,9391.13067247786
2007,3,9391.46076205207
2007,4,9375.45653108725
2007,5,9370.12178743231
2007,6,9353.10286109627
2007,7,9340.94136299983
2007,8,9295.05117953329
2007,9,9251.9805702808
2007,10,9229.18317382688
2007,11,9223.50921742781
2007,12,9184.09866194355
2008,1,9138.98487584241
2008,2,9136.5503108274
2008,3,9095.86550065376
2008,4,9086.11487611881
2008,5,9086.11487611881
2008,6,9086.11487611881
2008,7,9052.90983254829
2008,8,9013.7430779342
2008,9,8960.17088486663
2008,10,8925.26378895917
2008,11,8919.52314000797
2008,12,8905.11565425805
2009,1,8890.70816850812
2009,2,8743.67595172571
2009,3,8688.7246250483
2009,4,8690.5414100442
2009,5,8690.5414100442
2009,6,8690.5414100442
2009,7,8670.99964963236
2009,8,8651.59809329313
2009,9,8593.97974308342
2009,10,8528.75690336897
2009,11,8528.15607378239
2009,12,8528.15607378239
2010,1,8520.88787428859
2010,2,8440.58352160223
2010,3,8349.61668080306
2010,4,8337.13714281681
2010,5,8337.13714281681
2010,6,8337.13714281681
2010,7,8337.13714281681
2010,8,8271.37405435676
2010,9,8103.03585998496
2010,10,8099.70245410303
2010,11,8092.35010265227
2010,12,8086.60155878284
2011,1,8081.23824296884
2011,2,8019.95988101132
2011,3,7971.56662764357
2011,4,7971.56662764357
2011,5,7967.81418365993
2011,6,7956.55685170901
2011,7,7932.12752521574
2011,8,7935.38589860574
2011,9,7935.38589860574
2011,10,7935.38589860574
2011,11,7935.38589860574
2011,12,7935.38589860574
2012,1,7937.56579929108
2012,2,7938.15418106462
2012,3,7920.30022021716
2012,4,7923.69424102436
2012,5,7924.28496934116
2012,6,7915.03592536849
2012,7,7911.9213156195
2012,8,7908.80670587051
2012,9,7907.81084241808
2012,10,7906.81497896566
2012,11,7906.81497896566
2012,12,7908.08977675001
2013,1,7907.46051510304
2013,2,7907.64808955748
2013,3,7902.14006626212
2013,4,7902.14006626212
2013,5,7902.14006626212
2013,6,7903.44376388573
2013,7,7902.73285414042
2013,8,7901.76824517804
2013,9,7897.90980932854
2013,10,7890.23818019739
2013,11,7890.23818019739
2013,12,7890.23818019739
2014,1,7887.61350521124
2014,2,7886.1762748789
2014,3,7884.73904454655
2014,4,7883.607822328
2014,5,7891.05394268588
2014,6,7887.60684711618
2014,7,7867.32077072722
2014,8,7870.778228191
2014,9,7871.64259255695
2014,10,7870.45683549962
2014,11,7868.50216131607
2014,12,7864.17858310349
2015,1,7863.42005444281
2015,2,7859.0961210476
2015,3,7849.53769983501
2015,4,7846.51156204639
2015,5,7841.2099757958
2015,6,7835.85699452608
2015,7,7835.9664089598
2015,8,7838.11018549233
2015,9,7844.32268622248
2015,10,7838.81561226166
2015,11,7838.53232720693
2015,12,7837.40153128297
2016,1,7834.71450507328
2016,2,7834.71450507328
2016,3,7834.71450507328
2016,4,7834.71450507328
2016,5,7834.71450507328
2016,6,7834.71450507328
2016,7,7834.71450507328
2016,8,7834.71450507328
2016,9,7836.16788784386
2016,10,7827.52955563627
2016,11,7828.45425655077
2016,12,7828.14155225584
2017,1,7828.34094585201
2017,2,7828.34094585201
2017,3,7828.34094585201
2017,4,7828.34094585201
2017,5,7828.34094585201
2017,6,7828.34094585201
2017,7,7827.39739797789
2017,8,7824.56675435552
2017,9,7824.56675435552
2017,10,7824.56675435552
2017,11,7824.56675435552
2017,12,7824.56675435552
