Year,Month,Concentration
1986,1,9081.36346630084
1986,2,9081.36346630084
1986,3,9081.36346630084
1986,4,9081.36346630084
1986,5,9081.36346630084
1986,6,9081.36346630084
1986,7,9081.36346630084
1986,8,9081.36346630084
1986,9,9081.36346630084
1986,10,9081.36346630084
1986,11,9081.36346630084
1986,12,9106.39124836297
1987,1,9108.29577855991
1987,2,9111.15257385531
1987,3,9111.15257385531
1987,4,9117.59510050204
1987,5,9136.92268044222
1987,6,9142.97899588807
1987,7,9145.5177857938
1987,8,9149.32597065239
1987,9,9149.32597065239
1987,10,9119.83882704323
1987,11,9100.18073130379
1987,12,9100.18073130379
1988,1,9106.18969313078
1988,2,9110.19566768211
1988,3,9110.19566768211
1988,4,9130.01044621129
1988,5,9164.09509081203
1988,6,9158.77982832611
1988,7,9161.15832590328
1988,8,9144.97978317127
1988,9,9092.67807315309
1988,10,9070.7137132531
1988,11,8981.84830181873
1988,12,8818.03768082653
1989,1,8780.25798703718
1989,2,8749.89617491829
1989,3,8715.51278390246
1989,4,8634.84384745445
1989,5,8595.69461431616
1989,6,8407.5315606543
1989,7,8284.85196043609
1989,8,8223.17564728611
1989,9,8168.54970559548
1989,10,8097.09379394501
1989,11,8027.52256133979
1989,12,7989.72008317602
1990,1,7675.93672907577
1990,2,7405.82872571231
1990,3,7381.0292118058
1990,4,7347.43498272502
1990,5,7310.1584917599
1990,6,7036.19801428182
1990,7,6047.78822375682
1990,8,5657.33954881123
1990,9,5636.40267958421
1990,10,5585.65614943673
1990,11,5206.38353736593
1990,12,5206.38353736593
1991,1,5131.40624882003
1991,2,4820.16637234238
1991,3,4766.87127701042
1991,4,4730.8284556266
1991,5,4566.2125817417
1991,6,4545.20198246973
1991,7,4534.59251350028
1991,8,4501.67054994123
1991,9,4500.03021496521
1991,10,4500.03021496521
1991,11,4404.5690971578
1991,12,4403.73535228484
1992,1,4414.05109991644
1992,2,4372.82354105571
1992,3,4351.5431782959
1992,4,4347.83723823133
1992,5,4340.98292340054
1992,6,4325.3721160461
1992,7,4291.68796797787
1992,8,4252.61057134619
1992,9,4237.63653828511
1992,10,4218.28678807819
1992,11,4200.69298840974
1992,12,4184.54789812987
1993,1,4167.59989966544
1993,2,4160.93718952869
1993,3,4073.34855459454
1993,4,4088.95976323956
1993,5,4030.36061977905
1993,6,3994.12118494782
1993,7,3990.59918732244
1993,8,3964.79174380772
1993,9,3937.19698902407
1993,10,3928.16128142822
1993,11,3914.00465104954
1993,12,3907.55067787791
1994,1,3906.55482662232
1994,2,3899.91876835355
1994,3,3869.31364498525
1994,4,3861.52983729785
1994,5,3764.0496107221
1994,6,3635.18541215032
1994,7,3322.13832134421
1994,8,3288.09400151908
1994,9,3146.97446365563
1994,10,2868.16189500271
1994,11,2706.47129332147
1994,12,2685.87218869314
1995,1,2686.66627631557
1995,2,2686.66627631557
1995,3,2680.55281934766
1995,4,2647.14289506886
1995,5,2623.79540003354
1995,6,2609.642867213
1995,7,2609.642867213
1995,8,2607.92599290343
1995,9,2607.92599290343
1995,10,2581.69385088814
1995,11,2581.69385088814
1995,12,2581.01738774996
1996,1,2582.05054903143
1996,2,2584.09840502019
1996,3,2584.09840502019
1996,4,2584.09840502019
1996,5,2584.0392210572
1996,6,2582.0511530915
1996,7,2571.50141514941
1996,8,2550.8693325256
1996,9,2548.8972584196
1996,10,2548.8972584196
1996,11,2546.37043211874
1996,12,2494.31383356429
1997,1,2434.8490714432
1997,2,2436.39385769191
1997,3,2302.23067778538
1997,4,2223.88828505254
1997,5,2223.88828505254
1997,6,2223.88828505254
1997,7,2223.88989043483
1997,8,2223.89470658169
1997,9,2223.89470658169
1997,10,2223.70025539025
1997,11,2223.30474994448
1997,12,2224.1937058763
1998,1,2224.02973971379
1998,2,2221.51530607867
1998,3,2170.02997656061
1998,4,2121.26066968733
1998,5,2133.22575208523
1998,6,2175.7577804874
1998,7,2175.7577804874
1998,8,2177.16566832639
1998,9,2195.7576349077
1998,10,2201.88616368988
1998,11,2201.05012765661
1998,12,2199.32069798304
1999,1,2197.6712015571
1999,2,2195.40224598917
1999,3,2199.27246463138
1999,4,2212.2868606054
1999,5,2231.70631301871
1999,6,2245.76367758149
1999,7,2248.12923839659
1999,8,2253.34019744362
1999,9,2257.4609794945
1999,10,2258.30674358394
1999,11,2256.20990886294
1999,12,2257.36732117396
2000,1,2254.17192183022
2000,2,2221.38386954357
2000,3,2212.81641863565
2000,4,2217.15413149166
2000,5,2213.67676433622
2000,6,2201.7995005204
2000,7,2195.89931223096
2000,8,2188.25763129646
2000,9,2185.28837171381
2000,10,2182.63090539444
2000,11,2180.93902092059
2000,12,2177.07185966591
2001,1,2176.13996012696
2001,2,2175.35848071572
2001,3,2173.28877035343
2001,4,2167.1634405085
2001,5,2168.82418211087
2001,6,2171.65636589235
2001,7,2191.65921870321
2001,8,2198.40678652777
2001,9,2207.00783312975
2001,10,2269.38196386076
2001,11,2251.13849164286
2001,12,2248.09957034891
2002,1,2252.58391004494
2002,2,2258.97383849365
2002,3,2266.66227052343
2002,4,2246.33205085746
2002,5,698.937337610313
2002,6,695.240820879698
2002,7,696.154989535643
2002,8,696.376367821725
2002,9,697.83313292816
2002,10,699.563557772319
2002,11,708.369954904385
2002,12,714.055488903147
2003,1,715.021943313281
2003,2,714.829385707962
2003,3,714.017975084417
2003,4,709.039962440468
2003,5,694.504149880551
2003,6,699.83941197
2003,7,704.709159862831
2003,8,715.431649438954
2003,9,722.661977770623
2003,10,728.301180432391
2003,11,731.858449754907
2003,12,735.289463561701
2004,1,740.855672786668
2004,2,753.789203886566
2004,3,756.186821660435
2004,4,757.971327880373
2004,5,762.190069428813
2004,6,761.980105640693
2004,7,761.991923323538
2004,8,774.364321277233
2004,9,778.757201340442
2004,10,780.439433269609
2004,11,790.302966975311
2004,12,792.772981774034
2005,1,792.910319620394
2005,2,800.405098231416
2005,3,802.285325091765
2005,4,804.066839983093
2005,5,806.75574783936
2005,6,807.355277798391
2005,7,808.022425593634
2005,8,806.112295233076
2005,9,803.76821131932
2005,10,799.227114535129
2005,11,798.478680760197
2005,12,798.57550997584
2006,1,798.03280906478
2006,2,1554.03243791276
2006,3,1551.0117779464
2006,4,1544.42956293244
2006,5,1543.07282459764
2006,6,1540.83739208811
2006,7,1534.89537001312
2006,8,1531.25122031945
2006,9,1526.402195742
2006,10,1523.21550787289
2006,11,1525.10938377766
2006,12,1524.82412317303
2007,1,1523.81675192651
2007,2,1529.78590127298
2007,3,1530.04818182295
2007,4,1529.13175536247
2007,5,1527.67073576385
2007,6,1530.55124591841
2007,7,1530.34131045863
2007,8,1530.76110044301
2007,9,1530.37939897263
2007,10,1528.07922796416
2007,11,1526.12509272145
2007,12,1528.77432596334
2008,1,1529.9212662987
2008,2,1527.59453425695
2008,3,1529.2176150595
2008,4,1528.66019292562
2008,5,1528.37317111683
2008,6,1528.89118444973
2008,7,1528.83162761657
2008,8,1528.2431957283
2008,9,1528.67995562539
2008,10,1239.45354535412
2008,11,806.066353375276
2008,12,805.950436670713
2009,1,805.790479987875
2009,2,807.721627540721
2009,3,807.995072982714
2009,4,807.164770377543
2009,5,807.733861345209
2009,6,807.609683298313
2009,7,806.743292404032
2009,8,801.356066356524
2009,9,796.536163014648
2009,10,794.731170802676
2009,11,793.513855502033
2009,12,793.60815802918
2010,1,793.639783593638
2010,2,794.525074646928
2010,3,793.869416838535
2010,4,793.663631862803
2010,5,793.196792130758
2010,6,792.631009564475
2010,7,792.713579300346
2010,8,795.230110109625
2010,9,795.697390324257
2010,10,795.691476419741
2010,11,795.320798802915
2010,12,795.533736337147
2011,1,795.948671574074
2011,2,795.355766281122
2011,3,793.385354938437
2011,4,792.782370166488
2011,5,792.066665841355
2011,6,791.724997751495
2011,7,791.453280240264
2011,8,790.891020289303
2011,9,790.469130758462
2011,10,790.463830307309
2011,11,790.334831270285
2011,12,789.850015537649
2012,1,789.340894618654
2012,2,788.419950727385
2012,3,788.649112675552
2012,4,788.064975316421
2012,5,786.555553973158
2012,6,785.053908201635
2012,7,783.793464355991
2012,8,783.056214472775
2012,9,782.205867370523
2012,10,781.132519041411
2012,11,780.493348524755
2012,12,778.269639647173
2013,1,776.200160796702
2013,2,774.007537451997
2013,3,771.940690993035
2013,4,768.09239223426
2013,5,768.637540037418
2013,6,768.03198189624
2013,7,763.133132362651
2013,8,759.566324015653
2013,9,761.782362212057
2013,10,761.889577288527
2013,11,761.224705126613
2013,12,761.174511545237
2014,1,760.468530883358
2014,2,756.681926813754
2014,3,756.014808386506
2014,4,750.931165672327
2014,5,749.18196317407
2014,6,748.948738601673
2014,7,748.767843756491
2014,8,749.094206568585
2014,9,749.218643045218
2014,10,744.713435541818
2014,11,744.171062943224
2014,12,744.217223314118
2015,1,744.769450204543
2015,2,747.137290491217
2015,3,747.972642338508
2015,4,747.979207220144
2015,5,748.087970752027
2015,6,750.409696326562
2015,7,756.117937692093
2015,8,758.835571894077
2015,9,759.472432928271
2015,10,759.534033338746
2015,11,759.711235188258
2015,12,759.711235188258
