Year,Month,Concentration
1986,1,2221.60742367908
1986,2,2221.60742367908
1986,3,2221.60742367908
1986,4,2221.60742367908
1986,5,2221.60742367908
1986,6,2221.60742367908
1986,7,2221.60742367908
1986,8,2221.60742367908
1986,9,2221.60742367908
1986,10,2221.60742367908
1986,11,2221.60742367908
1986,12,2221.60742367908
1987,1,2221.60742367908
1987,2,2221.60742367908
1987,3,2221.60742367908
1987,4,2221.69583191776
1987,5,2221.96105663382
1987,6,2221.96105663382
1987,7,2221.96105663382
1987,8,2221.96105663382
1987,9,2221.96105663382
1987,10,2221.96105663382
1987,11,2221.96105663382
1987,12,2221.96105663382
1988,1,2221.96105663382
1988,2,2221.96105663382
1988,3,2221.96105663382
1988,4,2221.96105663382
1988,5,2221.96105663382
1988,6,2221.96105663382
1988,7,2221.96105663382
1988,8,2221.84239562274
1988,9,2221.72373461166
1988,10,2221.72373461166
1988,11,2221.72373461166
1988,12,2221.58343025628
1989,1,2221.48989401936
1989,2,2221.48989401936
1989,3,2221.35983346577
1989,4,2212.43472279234
1989,5,2212.2751266252
1989,6,2211.79633812376
1989,7,2211.85967193544
1989,8,2212.04967337046
1989,9,2212.04967337046
1989,10,2212.06242846347
1989,11,2212.24206416312
1989,12,2212.92225582137
1990,1,2201.68583167147
1990,2,2191.80501827034
1990,3,2199.49025512555
1990,4,2206.24562927581
1990,5,2210.15132385875
1990,6,2207.62937540699
1990,7,2207.6395741433
1990,8,2214.19780974577
1990,9,2222.60641927713
1990,10,2252.74199429684
1990,11,2273.25239882862
1990,12,2278.78128903217
1991,1,2295.92995345348
1991,2,2299.11355384545
1991,3,2304.01231944391
1991,4,2309.24604959316
1991,5,2310.06222282713
1991,6,2310.32456032721
1991,7,2311.01686880687
1991,8,2311.43515011715
1991,9,2312.24179671493
1991,10,2312.40577587546
1991,11,2309.60560952437
1991,12,2309.55614024098
1992,1,2313.09214238266
1992,2,2312.40951747647
1992,3,2312.59947610669
1992,4,2313.76416939342
1992,5,2314.67486955173
1992,6,2314.77472739311
1992,7,2313.88856444774
1992,8,2314.38943582453
1992,9,2316.43421174487
1992,10,2320.45855232761
1992,11,2320.52152127843
1992,12,2320.52152127843
1993,1,2321.67096655876
1993,2,2324.24514584762
1993,3,2324.83350481039
1993,4,2327.10096297012
1993,5,2327.72747398505
1993,6,2327.77554422472
1993,7,2327.42113645157
1993,8,2326.00350535896
1993,9,2326.00350535896
1993,10,2325.79908825646
1993,11,2325.35473921989
1993,12,2317.63940864868
1994,1,2317.66861397709
1994,2,2318.02970733651
1994,3,2318.65634248056
1994,4,2319.09498261733
1994,5,2320.23601321043
1994,6,2320.28759667108
1994,7,2319.83237157675
1994,8,2317.90500372362
1994,9,2315.84838871751
1994,10,2310.11616721579
1994,11,2307.36622935376
1994,12,2306.65241232175
1995,1,2306.30781203826
1995,2,2305.63097331763
1995,3,2304.27906802697
1995,4,2303.96757825868
1995,5,2303.96757825868
1995,6,2303.96757825868
1995,7,2303.96757825868
1995,8,2303.96757825868
1995,9,2303.96757825868
1995,10,2304.86076106557
1995,11,2304.86076106557
1995,12,2304.86076106557
1996,1,2301.86184840606
1996,2,2298.86293574654
1996,3,2298.86293574654
1996,4,2297.62801770143
1996,5,2297.21637835306
1996,6,2297.28604061877
1996,7,2297.60595916809
1996,8,2297.60595916809
1996,9,2292.06744404847
1996,10,2286.52892892884
1996,11,2286.63861791691
1996,12,2288.19688850551
1997,1,2288.19688850551
1997,2,2292.52044431489
1997,3,2293.71007832054
1997,4,2294.02270186
1997,5,2296.55933155824
1997,6,2298.88286088552
1997,7,2299.5783709701
1997,8,2299.96201507547
1997,9,2301.53458305247
1997,10,2301.19406524625
1997,11,2300.65828848837
1997,12,2300.17716253016
1998,1,2309.08815202007
1998,2,2327.25601173126
1998,3,2337.09219485458
1998,4,2383.30731236348
1998,5,2401.33579684016
1998,6,2422.06383909988
1998,7,2449.3082314028
1998,8,2491.41830735251
1998,9,2491.81008392235
1998,10,2501.28606822429
1998,11,2511.93017283803
1998,12,2523.19983935489
1999,1,2523.85588206403
1999,2,2524.32596360005
1999,3,2525.2353574335
1999,4,2527.42551529856
1999,5,2526.22154143054
1999,6,2525.9021156528
1999,7,2520.76507639867
1999,8,2510.23619094962
1999,9,2506.73851601857
1999,10,2502.65888190709
1999,11,2501.32219186882
1999,12,2501.21157828527
2000,1,2508.06614329669
2000,2,2554.97150688164
2000,3,2565.61350490937
2000,4,2571.61051617029
2000,5,2577.4977798404
2000,6,2610.45845155905
2000,7,2614.20294432578
2000,8,2608.55270230307
2000,9,2594.05156268009
2000,10,2596.72332528484
2000,11,2609.34625467061
2000,12,2574.14509145981
2001,1,2573.01595152125
2001,2,2581.45275511776
2001,3,2579.85756512767
2001,4,2581.13878178895
2001,5,2582.60560991492
2001,6,2600.63259967283
2001,7,2615.65197462628
2001,8,2611.36978395791
2001,9,2602.51869566234
2001,10,2603.52798774847
2001,11,2547.96919808771
2001,12,2496.37964243762
2002,1,2488.91185421852
2002,2,2481.70130950046
2002,3,2457.41814630637
2002,4,2415.2541488169
2002,5,2352.62056332567
2002,6,2324.69443308172
2002,7,2297.92955274165
2002,8,2252.52336405763
2002,9,2213.97960713466
2002,10,2199.52592003424
2002,11,2160.8748277016
2002,12,2132.33826452352
2003,1,2119.2977086736
2003,2,2100.39277998271
2003,3,2090.6176925427
2003,4,2073.48404813082
2003,5,2061.51761692524
2003,6,2060.07841047586
2003,7,2061.55790595972
2003,8,2063.26405526899
2003,9,2066.4143980889
2003,10,2067.93778263407
2003,11,2069.00721990872
2003,12,2067.3171894685
2004,1,2042.94950775139
2004,2,2040.24639323561
2004,3,2038.08267372391
2004,4,2036.55462659158
2004,5,2034.70369722882
2004,6,2033.40736088957
2004,7,2032.26490270791
2004,8,2025.10969786773
2004,9,2016.20890271081
2004,10,1989.86235793336
2004,11,1990.31256659465
2004,12,1990.8416012549
2005,1,1991.47234211648
2005,2,1991.66070625888
2005,3,1991.78258760499
2005,4,1991.78543731457
2005,5,1987.80703622583
2005,6,1985.31068333618
2005,7,1977.65937943676
2005,8,1975.17027968145
2005,9,1974.43988725525
2005,10,1973.04312650413
2005,11,1972.24071658358
2005,12,1970.52780391362
2006,1,1969.5869769273
2006,2,1961.27214705516
2006,3,1957.42377607393
2006,4,1955.93120520798
2006,5,1950.69673443076
2006,6,1944.87851799567
2006,7,1944.31965767314
2006,8,1939.5142893702
2006,9,1937.50404995166
2006,10,1935.36906272621
2006,11,1930.48205883947
2006,12,1925.83641578604
2007,1,1920.01009552313
2007,2,1896.51583085882
2007,3,1835.93521931255
2007,4,1832.29024712241
2007,5,1827.83232464703
2007,6,1826.87299730829
2007,7,1825.61492439353
2007,8,1824.74558910004
2007,9,1821.52863443409
2007,10,1818.56174021353
2007,11,869.249797499787
2007,12,634.48121513262
2008,1,635.933013172773
2008,2,636.681853031476
2008,3,639.590332261484
2008,4,643.320329176871
2008,5,644.966317474107
2008,6,645.824401084054
2008,7,646.203636907221
2008,8,645.845691541008
2008,9,645.871537840674
2008,10,644.383053428543
2008,11,644.653403706867
2008,12,645.542196202925
2009,1,645.762184946925
2009,2,645.486212134239
2009,3,645.166965601071
2009,4,644.185615816807
2009,5,641.416477547289
2009,6,639.540408798439
2009,7,637.673571518197
2009,8,633.445981172217
2009,9,633.00320689806
2009,10,632.882545298531
2009,11,632.658587691495
2009,12,632.540486913212
2010,1,632.091149424453
2010,2,631.918316004772
2010,3,631.611480528089
2010,4,631.408022662165
2010,5,632.39705968364
2010,6,629.759482229769
2010,7,623.326221990509
2010,8,614.832408578455
2010,9,605.860906158101
2010,10,603.818406658202
2010,11,597.640954744609
2010,12,594.121899748606
2011,1,588.181719672471
2011,2,579.606145087067
2011,3,569.40027878746
2011,4,557.752302304822
2011,5,550.083776285863
2011,6,544.073249181248
2011,7,541.987615578573
2011,8,540.008515521024
2011,9,535.894700629101
2011,10,530.112155009975
2011,11,524.100473482739
2011,12,515.870095625821
2012,1,504.616777223713
2012,2,502.455952504241
2012,3,501.951160053996
2012,4,504.772640722575
2012,5,505.634382491111
2012,6,506.820584444222
2012,7,506.033195954962
2012,8,502.761033937045
2012,9,498.245147894298
2012,10,495.491745918137
2012,11,493.054936803728
2012,12,489.382404656312
2013,1,485.920198052561
2013,2,483.255841894069
2013,3,481.12691265634
2013,4,483.877787963874
2013,5,487.883957753673
2013,6,488.811026829998
2013,7,489.328858877378
2013,8,491.477164087119
2013,9,492.722062384083
2013,10,490.707041320356
2013,11,479.74356269592
2013,12,472.673761932787
2014,1,462.355329806385
2014,2,451.944307079559
2014,3,445.008916765452
2014,4,439.279100977024
2014,5,430.856605405439
2014,6,426.756679237928
2014,7,425.8625580004
2014,8,425.699030919727
2014,9,425.51082088509
2014,10,425.314869806936
2014,11,425.028661756127
2014,12,425.087463835331
2015,1,424.619120875852
2015,2,424.435604117784
2015,3,423.865907079459
2015,4,422.351112835804
2015,5,419.679679274444
2015,6,418.422935383541
2015,7,417.499893234204
2015,8,416.859749945255
2015,9,416.68969314931
2015,10,415.86646626931
2015,11,415.142597784624
2015,12,414.857292428759
2016,1,413.604110486402
2016,2,413.652903530871
2016,3,413.413271856362
2016,4,413.36420654947
2016,5,415.313150693013
2016,6,415.21194660369
2016,7,415.085257628549
2016,8,415.006207616714
2016,9,414.755604332662
2016,10,414.749027958869
2016,11,414.800113272347
2016,12,415.034916022688
2017,1,415.217816556432
2017,2,415.156676983726
2017,3,415.894415881843
2017,4,417.391710500572
2017,5,417.852980590172
2017,6,417.833434860877
2017,7,417.947170069417
2017,8,418.550819012827
2017,9,418.60872206247
2017,10,418.80897433891
2017,11,419.780397049248
2017,12,420.674339799656
2018,1,420.928269445903
2018,2,421.358113838232
2018,3,422.852501378083
2018,4,423.150890516757
2018,5,423.246042285192
2018,6,423.260034546264
2018,7,423.249062262828
2018,8,423.315978835193
2018,9,423.519922105917
2018,10,423.531468611244
2018,11,423.69756488599
2018,12,423.77589860907
2019,1,424.138987544027
2019,2,424.458210643386
2019,3,424.456238621073
2019,4,424.624021925747
2019,5,424.749220112825
2019,6,424.754090543204
2019,7,424.754090543204
2019,8,424.784074370108
2019,9,424.898595895557
2019,10,424.898595895557
2019,11,424.898595895557
2019,12,424.898595895557
