Year,Month,Concentration
1986,1,33.8287320405281
1986,2,33.8287320405281
1986,3,33.8309859452474
1986,4,33.8377476594053
1986,5,33.8449130095859
1986,6,33.8556610348568
1986,7,33.8556610348568
1986,8,33.8594454199668
1986,9,33.8643979446289
1986,10,33.8643979446289
1986,11,33.8643979446289
1986,12,33.8600354651549
1987,1,33.8432211382474
1987,2,33.8473241296214
1987,3,33.8305440198131
1987,4,33.780203690388
1987,5,33.7470487413679
1987,6,33.7377140999963
1987,7,33.7234780383263
1987,8,33.6665337916463
1987,9,33.6595665824661
1987,10,33.6539373859526
1987,11,33.6454935911823
1987,12,33.6400893279904
1988,1,33.471757739491
1988,2,33.3577700283328
1988,3,33.3485832605406
1988,4,33.3378264087315
1988,5,33.309268832649
1988,6,33.2941315055022
1988,7,33.2941315055022
1988,8,33.2977941884062
1988,9,33.3016809685233
1988,10,33.3013756998807
1988,11,33.3013756998807
1988,12,33.2468396296906
1989,1,33.2025678112405
1989,2,33.2025678112405
1989,3,33.2009826294272
1989,4,33.2353031084809
1989,5,33.2353031084809
1989,6,33.2314528390955
1989,7,33.2714396493978
1989,8,33.3010395304426
1989,9,33.291255717797
1989,10,33.3017494961642
1989,11,33.3534643628247
1989,12,33.3534643628247
1990,1,33.336119108943
1990,2,33.2454977442056
1990,3,33.2194743092995
1990,4,32.85925969603
1990,5,32.6074368815682
1990,6,32.6074368815682
1990,7,32.5945516851577
1990,8,32.4948787538528
1990,9,32.4951377855331
1990,10,32.4752285766961
1990,11,32.3042109001865
1990,12,32.3038844677337
1991,1,32.0058881131501
1991,2,31.3345922858753
1991,3,31.3345922858753
1991,4,31.3278310604163
1991,5,30.9608297821671
1991,6,30.8992435290297
1991,7,30.8540013386543
1991,8,30.477367505738
1991,9,30.2524654014963
1991,10,30.2231148576098
1991,11,30.0706812420051
1991,12,30.0268464976753
1992,1,29.9444715985864
1992,2,29.3204940130487
1992,3,29.2723783247133
1992,4,29.1378431047152
1992,5,28.8087766956342
1992,6,28.8048742182687
1992,7,28.8179726374381
1992,8,28.5898927728421
1992,9,28.5061769348199
1992,10,28.4909566382841
1992,11,27.9168813030256
1992,12,27.7670402777766
1993,1,27.7670402777766
1993,2,27.6673786654776
1993,3,27.5848630957598
1993,4,27.5749991828232
1993,5,27.5587004242172
1993,6,27.3021949264886
1993,7,27.2446239085954
1993,8,27.227143366461
1993,9,27.1416045316226
1993,10,27.1086299367178
1993,11,26.9733698136709
1993,12,26.9271014159111
1994,1,26.8782794420629
1994,2,26.7864001122124
1994,3,26.7766668730266
1994,4,26.7787764794181
1994,5,26.8457928424604
1994,6,26.8334689772669
1994,7,26.7827070643122
1994,8,26.7799136479997
1994,9,26.7567583563284
1994,10,26.6835730415004
1994,11,26.6898898855527
1994,12,26.7110957307724
1995,1,26.7181205009131
1995,2,26.7181205009131
1995,3,26.5752587346583
1995,4,26.5717702916085
1995,5,26.6396757739573
1995,6,26.6480054797183
1995,7,26.6480054797183
1995,8,26.6480054797183
1995,9,26.6619516887425
1995,10,26.6876169781412
1995,11,26.6893331692971
1995,12,26.7036492760572
1996,1,26.8332543010786
1996,2,26.966844715556
1996,3,26.9786720986079
1996,4,26.9239836524388
1996,5,26.957353591065
1996,6,26.9741834068895
1996,7,27.0259257371858
1996,8,27.0347924441121
1996,9,27.0594648670125
1996,10,27.0114483525057
1996,11,26.9200977796644
1996,12,26.9242208864775
1997,1,26.8878744261922
1997,2,26.8019662668548
1997,3,26.8072977580378
1997,4,26.8017391030196
1997,5,26.8179823730667
1997,6,26.8344590488501
1997,7,26.8453976761855
1997,8,26.8922797790531
1997,9,26.7403613355804
1997,10,26.5307312906691
1997,11,26.2437773530928
1997,12,26.0867030153639
1998,1,25.6117376814681
1998,2,25.5027598992518
1998,3,25.5000558926692
1998,4,25.4810073717105
1998,5,25.4519455655772
1998,6,25.4457344169241
1998,7,25.5496042765577
1998,8,25.6296336024185
1998,9,25.7235206110553
1998,10,25.9528523583392
1998,11,26.0971608354723
1998,12,26.3746777327247
1999,1,26.5896236249464
1999,2,26.9271953971419
1999,3,27.4965291228244
1999,4,27.9279737887181
1999,5,27.9530481521689
1999,6,27.9357015140244
1999,7,27.9309916843962
1999,8,27.9374155122325
1999,9,28.1252773790171
1999,10,28.2388888984687
1999,11,28.1387064373471
1999,12,28.5459950792666
2000,1,29.1997366083996
2000,2,29.4285656296052
2000,3,29.7106735881163
2000,4,29.8855200847502
2000,5,30.1555232045976
2000,6,30.3353866019519
2000,7,30.4463338453554
2000,8,30.6018290326026
2000,9,30.7803223956705
2000,10,31.1347071086614
2000,11,31.4201846562499
2000,12,31.7047032429405
2001,1,32.1739210320177
2001,2,32.689811628482
2001,3,32.7034502448525
2001,4,32.641202887524
2001,5,32.695653855874
2001,6,33.1027774849813
2001,7,33.0382073458506
2001,8,32.4821484906778
2001,9,32.578964705243
2001,10,32.8811776407145
2001,11,35.1204100226296
2001,12,35.8287686803561
2002,1,36.0921079383313
2002,2,36.4078699339001
2002,3,36.4869382451698
2002,4,37.0404173317648
2002,5,37.4455402990933
2002,6,37.9526814271247
2002,7,38.0580708209419
2002,8,37.8385457073379
2002,9,161.525922153091
2002,10,529.577674298733
2002,11,517.572115923387
2002,12,497.775977872456
2003,1,493.613442348088
2003,2,491.935360205419
2003,3,491.080770316234
2003,4,489.027692873169
2003,5,487.926014339163
2003,6,489.754697024294
2003,7,484.483081797268
2003,8,485.434896201781
2003,9,485.372634967979
2003,10,480.38937962559
2003,11,474.089754778141
2003,12,473.744966640252
2004,1,474.907572060681
2004,2,475.570338108599
2004,3,475.447761272104
2004,4,474.395606595888
2004,5,475.384186092677
2004,6,476.647126675215
2004,7,476.773697403029
2004,8,476.505810961013
2004,9,477.65768960757
2004,10,478.120814207714
2004,11,478.114782648469
2004,12,477.339901234305
2005,1,476.858834667051
2005,2,477.329503244124
2005,3,477.988529819099
2005,4,477.631338240078
2005,5,477.889307884708
2005,6,477.988389228286
2005,7,478.213892813853
2005,8,479.856600534205
2005,9,480.515408085271
2005,10,481.269076389029
2005,11,483.118055829794
2005,12,488.713111597906
2006,1,490.50095122467
2006,2,491.921490476605
2006,3,495.655132714446
2006,4,496.705838362861
2006,5,497.190844003613
2006,6,496.622806297489
2006,7,496.851403837033
2006,8,499.267250267879
2006,9,506.063685272608
2006,10,507.899244697233
2006,11,509.632356728612
2006,12,510.842719788773
2007,1,511.001666022888
2007,2,512.308230485435
2007,3,512.705667432591
2007,4,512.817734232503
2007,5,518.759704959698
2007,6,524.801294617644
2007,7,528.370707308687
2007,8,531.701509705893
2007,9,535.488800969236
2007,10,536.639539658901
2007,11,541.245050934726
2007,12,546.743476909313
2008,1,551.403011980425
2008,2,558.428152293094
2008,3,559.542513993213
2008,4,563.434825765866
2008,5,572.31920619561
2008,6,575.665869293648
2008,7,584.495082554444
2008,8,608.831937715851
2008,9,611.128445972903
2008,10,619.793249289796
2008,11,627.527299160455
2008,12,627.953836682069
2009,1,631.196975698899
2009,2,635.618929627573
2009,3,637.088660408468
2009,4,638.493390370995
2009,5,641.717643569679
2009,6,639.473328964006
2009,7,638.048779469895
2009,8,639.129039542698
2009,9,639.490577353475
2009,10,639.67141496968
2009,11,639.894512635364
2009,12,638.629435605184
2010,1,639.456843211158
2010,2,640.491825217837
2010,3,640.74581355744
2010,4,642.185748824541
2010,5,645.448488016837
2010,6,647.333898463019
2010,7,650.268257201565
2010,8,656.101476045331
2010,9,658.292109888804
2010,10,661.646069614322
2010,11,664.219762175303
2010,12,668.159720610232
2011,1,672.672855924007
2011,2,681.850276296767
2011,3,691.901982708717
2011,4,706.853965261564
2011,5,707.472528362457
2011,6,708.160730748677
2011,7,708.45362098389
2011,8,709.58773447913
2011,9,709.348253792748
2011,10,709.332170454029
2011,11,710.203293793479
2011,12,709.447844005826
2012,1,709.461322943778
2012,2,709.621224585248
2012,3,710.559221309049
2012,4,711.409131893665
2012,5,711.947361053751
2012,6,712.321923421245
2012,7,712.358550398424
2012,8,713.295577908264
2012,9,714.636805638044
2012,10,714.607637255794
2012,11,717.254460964591
2012,12,718.372372106967
2013,1,718.531418235215
2013,2,719.771499880003
2013,3,720.90977893245
2013,4,721.206800635698
2013,5,723.600976106888
2013,6,722.941575244688
2013,7,722.572320038888
2013,8,723.643421308965
2013,9,723.797483946692
2013,10,723.366324846222
2013,11,723.792752025154
2013,12,723.776464342659
2014,1,724.322572987179
2014,2,724.242772407107
2014,3,723.458811830047
2014,4,722.387363242115
2014,5,721.771464731209
2014,6,720.066132090584
2014,7,710.008723413946
2014,8,711.29778915357
2014,9,713.578215642991
2014,10,712.597607154744
2014,11,712.448451491264
2014,12,711.889033757601
2015,1,711.429745421763
2015,2,711.042827366146
2015,3,711.215096872804
2015,4,710.982200755737
2015,5,711.369088181589
2015,6,711.344707300299
2015,7,706.238344005009
2015,8,703.759508521925
2015,9,702.465305334932
2015,10,701.354534806993
2015,11,699.75264942701
2015,12,698.199996170958
2016,1,694.614097686049
2016,2,692.951217482796
2016,3,692.71647078364
2016,4,692.756623556206
2016,5,693.007123374796
2016,6,693.291930631816
2016,7,689.364263409664
2016,8,686.246829635601
2016,9,685.520626279017
2016,10,683.632256324071
2016,11,682.455708974488
2016,12,683.255707129161
2017,1,678.736032997032
2017,2,674.591156198396
2017,3,674.064275259848
2017,4,673.965660233908
2017,5,673.714386863991
2017,6,673.875174237358
2017,7,674.199045072914
2017,8,674.370618830787
2017,9,674.74387329333
2017,10,675.835823882564
2017,11,676.093676301608
2017,12,676.093676301608
