Year,Month,Concentration
1986,1,0
1986,2,0
1986,3,0
1986,4,0
1986,5,0
1986,6,0
1986,7,0
1986,8,0
1986,9,0
1986,10,0
1986,11,0
1986,12,0
1987,1,0
1987,2,0
1987,3,0
1987,4,0
1987,5,0
1987,6,0
1987,7,0
1987,8,0
1987,9,0
1987,10,0
1987,11,0
1987,12,0
1988,1,0
1988,2,0
1988,3,0
1988,4,0
1988,5,0
1988,6,0
1988,7,0
1988,8,0
1988,9,0
1988,10,0
1988,11,0
1988,12,0
1989,1,0
1989,2,0
1989,3,0
1989,4,0
1989,5,0
1989,6,0
1989,7,0
1989,8,0
1989,9,0
1989,10,0
1989,11,0
1989,12,0
1990,1,0
1990,2,0
1990,3,0
1990,4,0
1990,5,0
1990,6,0
1990,7,0
1990,8,0
1990,9,0
1990,10,0
1990,11,0
1990,12,0
1991,1,0
1991,2,0
1991,3,0
1991,4,0
1991,5,0
1991,6,0
1991,7,0
1991,8,0
1991,9,0
1991,10,0
1991,11,0
1991,12,0
1992,1,0
1992,2,0
1992,3,0
1992,4,0
1992,5,0
1992,6,0
1992,7,0
1992,8,0
1992,9,0
1992,10,0
1992,11,0
1992,12,0
1993,1,0
1993,2,0
1993,3,0
1993,4,0
1993,5,0
1993,6,0
1993,7,0
1993,8,0
1993,9,0
1993,10,0
1993,11,0
1993,12,0
1994,1,0
1994,2,0
1994,3,0
1994,4,0
1994,5,0
1994,6,0
1994,7,0
1994,8,0
1994,9,0
1994,10,0
1994,11,0
1994,12,0
1995,1,0
1995,2,0
1995,3,0
1995,4,0
1995,5,0
1995,6,0
1995,7,0
1995,8,0
1995,9,0
1995,10,0
1995,11,0
1995,12,0
1996,1,0
1996,2,0
1996,3,0
1996,4,0
1996,5,0
1996,6,0
1996,7,0
1996,8,0
1996,9,0
1996,10,0
1996,11,0
1996,12,0
1997,1,0
1997,2,0
1997,3,0
1997,4,0
1997,5,0
1997,6,0
1997,7,0
1997,8,0
1997,9,0
1997,10,0
1997,11,0
1997,12,0
1998,1,0
1998,2,33.1766672207204
1998,3,66.3508323527724
1998,4,33.4896214760865
1998,5,0
1998,6,0
1998,7,0
1998,8,0
1998,9,0
1998,10,2.29989628533772
1998,11,0.575547713499231
1998,12,0.579148037535843
1999,1,2.32406963325304
1999,2,2.33548999525242
1999,3,2.33415563543539
1999,4,2.3379112149019
1999,5,2.34469992290634
1999,6,2.34724018200409
1999,7,2.34309374341551
1999,8,2.34438618851182
1999,9,2.33685372917125
1999,10,2.31088350637099
1999,11,2.29643622957472
1999,12,2.29605215254334
2000,1,2.29688409590363
2000,2,2.29518870124563
2000,3,2.28614136655662
2000,4,2.28472413073886
2000,5,2.27074507155161
2000,6,2.24530064080489
2000,7,2.23936718886167
2000,8,2.24068287249494
2000,9,2.23758217088706
2000,10,2.23147803863634
2000,11,2.2234659263449
2000,12,2.23015271395996
2001,1,2.24006298240931
2001,2,2.23752161969614
2001,3,2.23331682970243
2001,4,2.22176176838071
2001,5,2.2207476654025
2001,6,2.22318953852118
2001,7,2.22579150590367
2001,8,2.19689941436721
2001,9,2.21261517880298
2001,10,2.36124951504223
2001,11,2.36392338123367
2001,12,2.38792154484935
2002,1,2.40354615434812
2002,2,2.40598375505912
2002,3,2.41542100889296
2002,4,2.46421286053075
2002,5,2.55100591930165
2002,6,2.59162282553173
2002,7,2.60902383280451
2002,8,2.64972014045104
2002,9,2.69296847817264
2002,10,2.72249726336073
2002,11,2.75246687873846
2002,12,2.80907336307412
2003,1,2.85531250246432
2003,2,2.87667009453175
2003,3,2.87235227969089
2003,4,2.85952435399285
2003,5,2.84950169403974
2003,6,2.83843435058162
2003,7,2.82792681899418
2003,8,2.8199847627561
2003,9,2.81549867544067
2003,10,2.81558751253804
2003,11,2.81968599135168
2003,12,2.81515653666142
2004,1,2.83517942324245
2004,2,2.86048243297096
2004,3,2.84783728987878
2004,4,2.79250933898048
2004,5,2.75138999887426
2004,6,2.74711907495181
2004,7,2.74159541393033
2004,8,2.73285506940643
2004,9,2.74429833586417
2004,10,2.76383400032732
2004,11,2.77660112537002
2004,12,2.78015159755036
2005,1,2.8088897935347
2005,2,2.87643843143253
2005,3,2.88809610088431
2005,4,2.89983376757672
2005,5,2.94506591900061
2005,6,2.95091958808739
2005,7,2.95161402723501
2005,8,2.94459335976755
2005,9,2.94266370653119
2005,10,2.9455039827041
2005,11,2.97202152497087
2005,12,3.05918289691152
2006,1,3.08831756487907
2006,2,30.4983172264324
2006,3,39.839032479052
2006,4,39.9949520468814
2006,5,40.0353257062592
2006,6,40.007566056379
2006,7,39.9978523602428
2006,8,39.8619434099537
2006,9,39.6782805434431
2006,10,39.588237696069
2006,11,39.672437082961
2006,12,39.6684250916705
2007,1,40.1778785401807
2007,2,40.7263599684799
2007,3,42.0723715499495
2007,4,42.7143845045014
2007,5,43.0101457968604
2007,6,43.3360944911058
2007,7,43.3715608987626
2007,8,43.5358264028696
2007,9,43.8003987221907
2007,10,43.879961730188
2007,11,44.2580355548682
2007,12,44.1021024901238
2008,1,44.1021652843067
2008,2,43.9927462681043
2008,3,44.0219544270839
2008,4,44.0485529914389
2008,5,43.989543442257
2008,6,44.1145249661148
2008,7,44.1926504404441
2008,8,44.141993701254
2008,9,43.8940246649951
2008,10,43.8508974673446
2008,11,43.8435277020948
2008,12,43.8774125084246
2009,1,43.9470023819431
2009,2,43.9264620277389
2009,3,43.9786626998724
2009,4,44.0604481950033
2009,5,44.1834750087932
2009,6,44.171190661743
2009,7,44.2027866658686
2009,8,44.2209456676064
2009,9,44.373485174629
2009,10,44.5945014929541
2009,11,44.753360447528
2009,12,44.8531771373764
2010,1,44.8987151614776
2010,2,44.922181196356
2010,3,45.2606842101962
2010,4,45.1194998414613
2010,5,45.0641733838791
2010,6,44.899498659186
2010,7,44.9127188660296
2010,8,44.8872116478257
2010,9,45.0059563994949
2010,10,45.1638090712138
2010,11,45.3079358550525
2010,12,45.4832289453863
2011,1,45.4714242308368
2011,2,45.5463292724834
2011,3,45.5206218885552
2011,4,45.5641456230704
2011,5,45.5447441665222
2011,6,45.6631432611951
2011,7,45.9563572367628
2011,8,46.2514148708888
2011,9,46.4022799094014
2011,10,46.3953028662492
2011,11,46.3276900380021
2011,12,46.1983774967587
2012,1,46.2154324111363
2012,2,46.3308182348359
2012,3,46.4344155124945
2012,4,46.5311762050146
2012,5,46.6616955657275
2012,6,46.8026010175817
2012,7,47.0174582560087
2012,8,47.5620812522996
2012,9,47.5184039214429
2012,10,47.4701106631071
2012,11,47.5671666536263
2012,12,47.6377823687603
2013,1,47.6602768029943
2013,2,47.6804775276426
2013,3,47.9418757026517
2013,4,48.0569466220681
2013,5,48.1213411972052
2013,6,48.0584569823195
2013,7,48.0645376245199
2013,8,48.0145127787078
2013,9,47.8744282480289
2013,10,47.7965364139801
2013,11,47.7034504698844
2013,12,47.6914680845532
2014,1,47.747051689075
2014,2,47.8278818729726
2014,3,47.8380641951314
2014,4,47.9660331278646
2014,5,48.108263385662
2014,6,48.3370083586178
2014,7,48.5161245645505
2014,8,48.7164870165071
2014,9,48.7631550749116
2014,10,49.0240931881684
2014,11,49.0664739647997
2014,12,49.0829916961068
2015,1,49.1426206797236
2015,2,49.2440196383796
2015,3,49.2470543999344
2015,4,49.2293006095696
2015,5,49.2913611121264
2015,6,49.4099087624899
2015,7,49.7286353496493
2015,8,50.1614142591953
2015,9,50.1392001022231
2015,10,50.139414873784
2015,11,50.1590419803633
2015,12,50.165584349223
