Year,Month,Concentration
1986,1,0
1986,2,0
1986,3,0
1986,4,0
1986,5,0
1986,6,0
1986,7,0
1986,8,0
1986,9,0
1986,10,0
1986,11,0
1986,12,0
1987,1,0
1987,2,0
1987,3,0
1987,4,0
1987,5,0
1987,6,0
1987,7,0
1987,8,0
1987,9,0
1987,10,0
1987,11,0
1987,12,0
1988,1,0
1988,2,0
1988,3,0
1988,4,0
1988,5,0
1988,6,0
1988,7,0
1988,8,0
1988,9,0
1988,10,0
1988,11,0
1988,12,0
1989,1,0
1989,2,0
1989,3,0
1989,4,0
1989,5,0
1989,6,0
1989,7,0
1989,8,0
1989,9,0
1989,10,0
1989,11,0
1989,12,0
1990,1,0
1990,2,0
1990,3,0
1990,4,0
1990,5,0
1990,6,3.17405440914505
1990,7,3.09344077076829
1990,8,2.96524359823794
1990,9,2.95172618736034
1990,10,2.94624879676843
1990,11,2.93242073895107
1990,12,2.93632690988864
1991,1,2.93807984645782
1991,2,2.99757497124739
1991,3,3.08474528048755
1991,4,3.10011439795889
1991,5,3.26666194026006
1991,6,3.27387782362898
1991,7,3.27316822683866
1991,8,3.26812999280726
1991,9,3.26656905079387
1991,10,3.26700862395468
1991,11,3.21988878736408
1991,12,3.22080589768112
1992,1,3.22102042486021
1992,2,3.21092041276951
1992,3,3.21200718152155
1992,4,2.42159277125546
1992,5,0
1992,6,0
1992,7,0
1992,8,0
1992,9,0
1992,10,0
1992,11,13.1842313156939
1992,12,17.4910461135909
1993,1,17.4731040625455
1993,2,17.3176807883057
1993,3,17.2760421442942
1993,4,17.2779914896031
1993,5,17.2700731396297
1993,6,17.2589202772968
1993,7,17.2482523520021
1993,8,17.171423466996
1993,9,16.8418752038685
1993,10,16.8416049546779
1993,11,16.8580760992834
1993,12,16.8580760992834
1994,1,16.8478665081325
1994,2,16.8265083931767
1994,3,16.834562910966
1994,4,16.8372477502291
1994,5,16.8372477502291
1994,6,16.8372477502291
1994,7,16.8464609655589
1994,8,16.8487642693914
1994,9,16.8385836396726
1994,10,16.7984151878449
1994,11,16.7985998768607
1994,12,16.7715513161335
1995,1,16.773035354248
1995,2,16.7726089604548
1995,3,16.8409234971067
1995,4,16.8508531774758
1995,5,16.8662709463331
1995,6,16.8729737150278
1995,7,16.8729737150278
1995,8,16.8729737150278
1995,9,16.8739662488358
1995,10,16.9140443152866
1995,11,16.931985034068
1995,12,16.9732685039497
1996,1,17.0785386501938
1996,2,17.1261700103582
1996,3,17.1261700103582
1996,4,17.0523454368283
1996,5,17.0463730469864
1996,6,17.0550508652753
1996,7,17.069829904438
1996,8,17.0776905873441
1996,9,17.1348781876756
1996,10,17.113613372302
1996,11,17.0373281837982
1996,12,17.0944598537944
1997,1,17.1802729292367
1997,2,17.098365509999
1997,3,17.1007727696845
1997,4,17.0929943475564
1997,5,17.1153669157137
1997,6,17.2349608330297
1997,7,17.2637588155594
1997,8,17.3310195099769
1997,9,17.1160242686887
1997,10,16.7818374955414
1997,11,16.3285445795143
1997,12,16.1996238869415
1998,1,16.1438155681484
1998,2,16.020652347174
1998,3,16.0480364417583
1998,4,16.1755893202986
1998,5,16.2499896361021
1998,6,16.3097426133854
1998,7,16.3760903113997
1998,8,16.4810516911872
1998,9,16.7186817369894
1998,10,16.9541807501722
1998,11,17.4036928192217
1998,12,18.175144656964
1999,1,18.5101513786826
1999,2,19.30114189036
1999,3,20.4911105385752
1999,4,21.4621343711709
1999,5,21.5068260658264
1999,6,21.3732354494747
1999,7,21.2879036478227
1999,8,21.4343124048816
1999,9,22.2226165085109
1999,10,22.8052868261793
1999,11,23.0794596622761
1999,12,23.8436471689123
2000,1,25.1470284217293
2000,2,26.0809795793283
2000,3,26.8199124955585
2000,4,27.5222239240278
2000,5,28.1165431878855
2000,6,28.3630754507028
2000,7,28.9371717868272
2000,8,29.4512795955175
2000,9,30.0283622318703
2000,10,30.8031289060301
2000,11,31.291015151097
2000,12,31.7576034871224
2001,1,33.6032060592089
2001,2,36.5446175566976
2001,3,37.2794089843918
2001,4,36.5669195706921
2001,5,36.3938483021388
2001,6,37.3009776072449
2001,7,37.1837196179449
2001,8,36.6377012592379
2001,9,37.4985334097783
2001,10,38.5734115655543
2001,11,44.0244099979613
2001,12,45.9686190547694
2002,1,46.8749737969343
2002,2,47.542659776925
2002,3,47.5248339956042
2002,4,36.7836918000467
2002,5,3.82698528395
2002,6,3.81901999341444
2002,7,3.81723656071892
2002,8,3.81353900797026
2002,9,3.81680271715952
2002,10,3.8104462498192
2002,11,3.77110041465006
2002,12,3.74919399806068
2003,1,3.74895635719135
2003,2,3.7307225229299
2003,3,3.69897646426818
2003,4,2.76077191838406
2003,5,2.87936971056176
2003,6,3.57912476939287
2003,7,3.55360531322557
2003,8,3.44453584974446
2003,9,3.36921119169549
2003,10,3.26760188790801
2003,11,3.20859717553629
2003,12,3.1915390967849
2004,1,3.17106657830904
2004,2,3.17908524441631
2004,3,3.17772615353866
2004,4,3.16867119787662
2004,5,3.16523848296793
2004,6,3.14364329311304
2004,7,3.13030764072651
2004,8,3.12107197133921
2004,9,3.12378695368627
2004,10,3.10409292941426
2004,11,3.08899494348375
2004,12,3.0967380205423
2005,1,3.07747197342398
2005,2,3.05898446534929
2005,3,3.05231337277064
2005,4,3.02163619491764
2005,5,2.98760307380724
2005,6,2.97337745025012
2005,7,2.95872514399473
2005,8,2.95044059517423
2005,9,2.94624117717047
2005,10,2.94195883446304
2005,11,2.94785206285281
2005,12,2.95392723281356
2006,1,2.95806858469084
2006,2,2.96542553991922
2006,3,2.96976068548246
2006,4,538.491614041637
2006,5,537.686074947961
2006,6,537.338960381371
2006,7,537.755244262866
2006,8,537.27564063037
2006,9,537.563748988741
2006,10,536.439769375516
2006,11,536.454478140664
2006,12,538.137959778997
2007,1,542.796846050391
2007,2,552.961228750583
2007,3,553.931967914898
2007,4,555.338176374689
2007,5,554.757445848542
2007,6,556.083706791523
2007,7,555.947971151033
2007,8,555.752464928199
2007,9,556.575227548732
2007,10,556.340668970288
2007,11,556.90637788358
2007,12,558.033791952876
2008,1,558.702178468743
2008,2,559.314669534588
2008,3,559.040929829536
2008,4,559.94565843197
2008,5,564.054830345572
2008,6,572.283673225683
2008,7,577.523078159222
2008,8,581.429839835825
2008,9,581.046542835801
2008,10,585.828346664887
2008,11,592.514837771731
2008,12,593.01604577726
2009,1,593.164029212431
2009,2,593.236748463994
2009,3,591.439149537613
2009,4,590.841177197769
2009,5,595.928363679314
2009,6,598.171677099652
2009,7,599.63730069493
2009,8,602.949021216771
2009,9,603.822582577274
2009,10,604.647173253113
2009,11,604.764391044886
2009,12,610.315489267612
2010,1,616.644186077446
2010,2,624.647898178609
2010,3,626.683473486224
2010,4,627.860158307101
2010,5,632.447086036683
2010,6,633.07283970029
2010,7,634.978809701862
2010,8,657.328595921815
2010,9,661.505655002323
2010,10,666.301607511063
2010,11,671.814269065931
2010,12,674.267040576947
2011,1,675.923217576565
2011,2,677.1572561515
2011,3,678.070777398877
2011,4,678.659012801368
2011,5,676.387116473559
2011,6,673.641257801081
2011,7,1141.30814917724
2011,8,1849.67282684457
2011,9,1849.99311544382
2011,10,1849.96733070999
2011,11,1848.99708966051
2011,12,1848.29177022121
2012,1,1848.15334806204
2012,2,1851.40242956865
2012,3,1858.04042570073
2012,4,1861.17504762252
2012,5,1862.97648911893
2012,6,1862.40960637511
2012,7,1859.07611593705
2012,8,1857.76584052753
2012,9,1857.56356800719
2012,10,1857.70855579921
2012,11,1853.51199018146
2012,12,1848.64394608746
2013,1,1846.23455804226
2013,2,1845.6350838974
2013,3,1845.06120129709
2013,4,1844.34731439807
2013,5,1845.40824166722
2013,6,1842.16994343799
2013,7,1841.82698627824
2013,8,1842.11666917444
2013,9,1842.18555731247
2013,10,1845.59037145898
2013,11,1847.18125176052
2013,12,1849.67426370895
2014,1,1855.6410893455
2014,2,1856.37757325966
2014,3,1856.40214143576
2014,4,1860.69659684994
2014,5,1865.38078638502
2014,6,1872.89094982348
2014,7,1881.27585578656
2014,8,1892.1690129848
2014,9,1897.14157732229
2014,10,1928.40891078211
2014,11,1933.77979758832
2014,12,1942.95000408628
2015,1,1948.37553139454
2015,2,1953.42799353683
2015,3,1953.21373426687
2015,4,1955.03002898298
2015,5,1955.47552232517
2015,6,1955.27662373207
2015,7,1955.17690572925
2015,8,1955.30655397586
2015,9,1960.28724893598
2015,10,1964.7753499438
2015,11,1964.57359615536
2015,12,1964.37184236693
