Year,Month,Concentration
1986,1,0
1986,2,0
1986,3,0
1986,4,0
1986,5,0
1986,6,0
1986,7,0
1986,8,0
1986,9,0
1986,10,0
1986,11,0
1986,12,0
1987,1,0
1987,2,0
1987,3,0
1987,4,0
1987,5,0
1987,6,0
1987,7,0
1987,8,0
1987,9,0
1987,10,0
1987,11,0
1987,12,0
1988,1,0
1988,2,0
1988,3,0
1988,4,0
1988,5,0
1988,6,0
1988,7,0
1988,8,0
1988,9,0
1988,10,0
1988,11,0
1988,12,0
1989,1,0
1989,2,0
1989,3,0
1989,4,0
1989,5,0
1989,6,0
1989,7,0
1989,8,0
1989,9,0
1989,10,0
1989,11,0
1989,12,0
1990,1,0
1990,2,0
1990,3,0
1990,4,0
1990,5,0
1990,6,0
1990,7,0
1990,8,0
1990,9,0
1990,10,0
1990,11,0
1990,12,0
1991,1,0
1991,2,0
1991,3,0
1991,4,0
1991,5,0
1991,6,0
1991,7,0
1991,8,0
1991,9,0
1991,10,0
1991,11,0
1991,12,0
1992,1,0
1992,2,0
1992,3,0
1992,4,0
1992,5,0
1992,6,0
1992,7,0
1992,8,0
1992,9,0
1992,10,0
1992,11,0
1992,12,0
1993,1,0
1993,2,0
1993,3,0
1993,4,0
1993,5,0
1993,6,0
1993,7,0
1993,8,0
1993,9,0
1993,10,0
1993,11,0
1993,12,0
1994,1,0
1994,2,0
1994,3,0
1994,4,0
1994,5,0
1994,6,0
1994,7,0
1994,8,0
1994,9,0
1994,10,0
1994,11,0
1994,12,0
1995,1,0
1995,2,0
1995,3,0
1995,4,0
1995,5,0
1995,6,0
1995,7,0
1995,8,0
1995,9,0
1995,10,0
1995,11,0
1995,12,0
1996,1,0
1996,2,0
1996,3,0
1996,4,0
1996,5,0
1996,6,0
1996,7,0
1996,8,0
1996,9,0
1996,10,0
1996,11,0
1996,12,0
1997,1,0
1997,2,0
1997,3,0
1997,4,0
1997,5,0
1997,6,0
1997,7,0
1997,8,0
1997,9,0
1997,10,0
1997,11,0
1997,12,0
1998,1,0
1998,2,101.223181381539
1998,3,404.847153683802
1998,4,404.783546749996
1998,5,404.791041161892
1998,6,404.783873020041
1998,7,404.7869186432
1998,8,404.806943892627
1998,9,405.001278779488
1998,10,405.182521339976
1998,11,405.288709662916
1998,12,405.24722781594
1999,1,405.237690796529
1999,2,405.376151777733
1999,3,405.81040294278
1999,4,406.075341167594
1999,5,406.263620142858
1999,6,407.031804390475
1999,7,407.908288860671
1999,8,409.38309308622
1999,9,410.302795357249
1999,10,414.123394858064
1999,11,414.674428988142
1999,12,414.805601131579
2000,1,414.935557978314
2000,2,415.075343013556
2000,3,414.967013600301
2000,4,414.929952654372
2000,5,414.909640030796
2000,6,414.823401663418
2000,7,414.895150865718
2000,8,416.319594867098
2000,9,416.416348214673
2000,10,416.262856055103
2000,11,416.154579360426
2000,12,416.136158589737
2001,1,415.799226785031
2001,2,415.759610315049
2001,3,415.642394380976
2001,4,415.539402584109
2001,5,415.365450214431
2001,6,415.626195315951
2001,7,415.939660252312
2001,8,412.885006578623
2001,9,410.976318628083
2001,10,410.579077629304
2001,11,410.009579284043
2001,12,409.823506334099
2002,1,409.472095010306
2002,2,409.437537626871
2002,3,409.471976215021
2002,4,409.665302282427
2002,5,409.261133632431
2002,6,408.633731174202
2002,7,408.947300764359
2002,8,409.074207991137
2002,9,408.664205860597
2002,10,408.248330114951
2002,11,407.730417112822
2002,12,407.277486602217
2003,1,407.195730458087
2003,2,406.864027080248
2003,3,407.341005963941
2003,4,407.511979312911
2003,5,407.075498671725
2003,6,406.987799927429
2003,7,406.555618418019
2003,8,405.311250920949
2003,9,404.391595082511
2003,10,402.579846374565
2003,11,400.014908056215
2003,12,399.89999111996
2004,1,399.60403432112
2004,2,399.231339847259
2004,3,399.069053346997
2004,4,397.947715894376
2004,5,396.735497484478
2004,6,395.417162388415
2004,7,394.658392066103
2004,8,394.190375602643
2004,9,393.565593727493
2004,10,393.080718159755
2004,11,392.713389060587
2004,12,389.966083631495
2005,1,389.285735305746
2005,2,389.04166167318
2005,3,388.152161972233
2005,4,387.086564840121
2005,5,385.903492517618
2005,6,384.951440634649
2005,7,384.424186445758
2005,8,383.923950616405
2005,9,382.493889081011
2005,10,381.874556966037
2005,11,381.47035190512
2005,12,379.872364679595
2006,1,377.463400152563
2006,2,376.251951647829
2006,3,374.618728964229
2006,4,373.352992868828
2006,5,372.292424472102
2006,6,371.838529467016
2006,7,373.004271646859
2006,8,369.869872404974
2006,9,371.049105367245
2006,10,369.647019972742
2006,11,370.380589925141
2006,12,365.859919414981
2007,1,364.981895756554
2007,2,365.099340352762
2007,3,365.867300705562
2007,4,371.983814183583
2007,5,370.029125813903
2007,6,373.959950396615
2007,7,377.17235962784
2007,8,383.208730041758
2007,9,386.279326287164
2007,10,388.594130022589
2007,11,388.502845683617
2007,12,389.138580185937
2008,1,389.289339023273
2008,2,389.644241013066
2008,3,390.043802790081
2008,4,392.281602765909
2008,5,394.61150010276
2008,6,400.104444437487
2008,7,404.090146547315
2008,8,402.642065659567
2008,9,398.132701913736
2008,10,398.268206708836
2008,11,398.527110543424
2008,12,399.714142480566
2009,1,399.894018160908
2009,2,403.819093009574
2009,3,407.065226197608
2009,4,407.578459008633
2009,5,407.120817818878
2009,6,402.847894167992
2009,7,400.777791869686
2009,8,400.741882651949
2009,9,400.480521437491
2009,10,400.076237514192
2009,11,399.946130941887
2009,12,399.510953345201
2010,1,403.956215802896
2010,2,407.744415934128
2010,3,409.601422580736
2010,4,410.59600507504
2010,5,412.313393930549
2010,6,413.977525892747
2010,7,414.029053951557
2010,8,413.714946499557
2010,9,412.765377470908
2010,10,411.895374331564
2010,11,408.879281029312
2010,12,405.926903992722
2011,1,407.93246028349
2011,2,410.735885844599
2011,3,411.41063045459
2011,4,410.80009167961
2011,5,406.839964685045
2011,6,402.013483524504
2011,7,402.181575139897
2011,8,343.070616588128
2011,9,174.178962336372
2011,10,172.113470847817
2011,11,169.715642969978
2011,12,160.992101705549
2012,1,159.477829397469
2012,2,158.722788954133
2012,3,159.137782586718
2012,4,159.730530004417
2012,5,158.867620894884
2012,6,158.827167427701
2012,7,159.297592040108
2012,8,158.602240670073
2012,9,155.451120228836
2012,10,155.490408322683
2012,11,160.074081315136
2012,12,165.108352801781
2013,1,167.899519795544
2013,2,169.994436529039
2013,3,170.082743918897
2013,4,170.093741184363
2013,5,170.112231387733
2013,6,170.053281111132
2013,7,169.223464334874
2013,8,168.607778882474
2013,9,169.325849236492
2013,10,167.13264569878
2013,11,165.668337863332
2013,12,165.278178196328
2014,1,165.601436041421
2014,2,165.533014538496
2014,3,164.810057673443
2014,4,164.628285682085
2014,5,164.280219511881
2014,6,163.829400767676
2014,7,163.158301169961
2014,8,161.395946391327
2014,9,161.061858909031
2014,10,159.359159713951
2014,11,158.384466621336
2014,12,158.138893115016
2015,1,159.007185810201
2015,2,159.888794719195
2015,3,159.461790964557
2015,4,158.847223380638
2015,5,156.341096761473
2015,6,155.508290485515
2015,7,154.588937551677
2015,8,154.391195608697
2015,9,154.778332589667
2015,10,154.687902643932
2015,11,154.276523683767
2015,12,154.083212657772
2016,1,153.788152226423
2016,2,153.095915430934
2016,3,152.980082325439
2016,4,152.643106643667
2016,5,152.407646427723
2016,6,152.080149131642
2016,7,151.826049680209
2016,8,151.620187674505
2016,9,152.909101659681
2016,10,153.334582311649
2016,11,152.250173225013
2016,12,151.044086440089
2017,1,149.497613493154
2017,2,147.29946612632
2017,3,144.894178327997
2017,4,139.271914756008
2017,5,135.696459094086
2017,6,129.149810590705
2017,7,128.14020532789
2017,8,127.789987244642
2017,9,127.607286979298
2017,10,127.51796808592
2017,11,128.415952466413
2017,12,135.370916153291
2018,1,136.681538764642
2018,2,136.171817369136
2018,3,132.369413615324
2018,4,126.483061693878
2018,5,126.215295766904
2018,6,126.786510498924
2018,7,127.875741304586
2018,8,128.502576105561
2018,9,127.794547941822
2018,10,126.598108100086
2018,11,125.898485863846
2018,12,125.330435169998
2019,1,125.229512225202
2019,2,125.112570832833
2019,3,124.771659976066
2019,4,124.226221572799
2019,5,124.10838790188
2019,6,123.846596347471
2019,7,123.757784261766
2019,8,123.900966865793
2019,9,124.018432740898
2019,10,124.018432740898
2019,11,124.049798323991
2019,12,124.057639719764
