Year,Month,Concentration
1986,1,0
1986,2,0
1986,3,0
1986,4,0
1986,5,0
1986,6,0
1986,7,0
1986,8,0
1986,9,0
1986,10,0
1986,11,0
1986,12,0
1987,1,0
1987,2,0
1987,3,0
1987,4,0
1987,5,0
1987,6,0
1987,7,0
1987,8,0
1987,9,0
1987,10,0
1987,11,0
1987,12,0
1988,1,0
1988,2,0
1988,3,0
1988,4,0
1988,5,0
1988,6,0
1988,7,0
1988,8,0
1988,9,0
1988,10,0
1988,11,0
1988,12,0
1989,1,0
1989,2,0
1989,3,0
1989,4,0
1989,5,0
1989,6,0
1989,7,0
1989,8,0
1989,9,0
1989,10,0
1989,11,0
1989,12,0
1990,1,0
1990,2,0
1990,3,0
1990,4,0
1990,5,0
1990,6,0
1990,7,0
1990,8,0
1990,9,0
1990,10,0
1990,11,0
1990,12,0
1991,1,0
1991,2,0
1991,3,0
1991,4,0
1991,5,0
1991,6,0
1991,7,0
1991,8,0
1991,9,0
1991,10,0
1991,11,0
1991,12,0
1992,1,0
1992,2,0
1992,3,0
1992,4,0
1992,5,0
1992,6,0
1992,7,0
1992,8,0
1992,9,0
1992,10,0
1992,11,0
1992,12,0
1993,1,0
1993,2,0
1993,3,0
1993,4,0
1993,5,0
1993,6,0
1993,7,0
1993,8,0
1993,9,0
1993,10,0
1993,11,0
1993,12,0
1994,1,0
1994,2,0
1994,3,0
1994,4,0
1994,5,0
1994,6,0
1994,7,0
1994,8,0
1994,9,0
1994,10,0
1994,11,0
1994,12,0
1995,1,0
1995,2,0
1995,3,0
1995,4,0
1995,5,0
1995,6,0
1995,7,0
1995,8,0
1995,9,0
1995,10,0
1995,11,0
1995,12,0
1996,1,0
1996,2,0
1996,3,0
1996,4,0
1996,5,0
1996,6,0
1996,7,0
1996,8,0
1996,9,0
1996,10,0
1996,11,0
1996,12,0
1997,1,0
1997,2,0
1997,3,0
1997,4,0
1997,5,0
1997,6,0
1997,7,0
1997,8,0
1997,9,0
1997,10,0
1997,11,0
1997,12,0
1998,1,0
1998,2,0
1998,3,0
1998,4,0
1998,5,0
1998,6,0
1998,7,0
1998,8,0
1998,9,0
1998,10,0
1998,11,0
1998,12,0
1999,1,0
1999,2,0
1999,3,0
1999,4,0
1999,5,0
1999,6,0
1999,7,0
1999,8,0
1999,9,0
1999,10,0
1999,11,0
1999,12,0
2000,1,0
2000,2,0
2000,3,0
2000,4,0
2000,5,0
2000,6,0
2000,7,0
2000,8,0
2000,9,0
2000,10,0
2000,11,0
2000,12,0
2001,1,0
2001,2,0
2001,3,0
2001,4,0
2001,5,0
2001,6,0
2001,7,0
2001,8,0
2001,9,0
2001,10,0
2001,11,0
2001,12,0
2002,1,0
2002,2,0
2002,3,0
2002,4,0
2002,5,0
2002,6,0
2002,7,0
2002,8,0
2002,9,0
2002,10,0
2002,11,0
2002,12,0
2003,1,0
2003,2,0
2003,3,0
2003,4,0
2003,5,0
2003,6,0
2003,7,0
2003,8,0
2003,9,0
2003,10,0
2003,11,0
2003,12,0
2004,1,0
2004,2,0
2004,3,0
2004,4,0
2004,5,0
2004,6,0
2004,7,0
2004,8,0
2004,9,0
2004,10,0
2004,11,0
2004,12,0
2005,1,0
2005,2,0
2005,3,0
2005,4,0
2005,5,0
2005,6,0
2005,7,0
2005,8,0
2005,9,0
2005,10,0
2005,11,0
2005,12,0
2006,1,0
2006,2,0
2006,3,0
2006,4,0
2006,5,0
2006,6,0
2006,7,0
2006,8,0
2006,9,0
2006,10,0
2006,11,0
2006,12,0
2007,1,0
2007,2,0
2007,3,0
2007,4,0
2007,5,0
2007,6,0
2007,7,0
2007,8,0
2007,9,0
2007,10,0
2007,11,0
2007,12,0
2008,1,0
2008,2,0
2008,3,0
2008,4,0
2008,5,0
2008,6,0
2008,7,0
2008,8,0
2008,9,0
2008,10,0
2008,11,0
2008,12,0
2009,1,0
2009,2,0
2009,3,0
2009,4,0
2009,5,0
2009,6,0
2009,7,0
2009,8,0
2009,9,0
2009,10,0
2009,11,0
2009,12,0
2010,1,0
2010,2,0
2010,3,0
2010,4,0
2010,5,0
2010,6,0
2010,7,0
2010,8,0
2010,9,0
2010,10,0
2010,11,0
2010,12,0
2011,1,0
2011,2,0
2011,3,0
2011,4,0
2011,5,0
2011,6,0
2011,7,2.30134519508161
2011,8,2.95507469566359
2011,9,3.25190949755296
2011,10,3.18364145132739
2011,11,3.1117803451331
2011,12,2.75586299797264
2012,1,2.42374846482743
2012,2,2.38850145275707
2012,3,2.33312050760989
2012,4,2.33909981330357
2012,5,2.3320905417041
2012,6,2.34145363945133
2012,7,2.36146128190428
2012,8,2.39522057528902
2012,9,2.42298573049364
2012,10,2.43598648484897
2012,11,2.48240306588677
2012,12,2.58416338304233
2013,1,2.82274043978073
2013,2,3.40015309762805
2013,3,3.44705156629574
2013,4,3.44210087793886
2013,5,3.53409563189686
2013,6,3.6240546623916
2013,7,3.63996507197326
2013,8,3.67015779507008
2013,9,3.70854765450253
2013,10,3.72121692533474
2013,11,3.66902522930867
2013,12,3.53846089944855
2014,1,3.27117228447164
2014,2,3.37958725445532
2014,3,3.36511144573758
2014,4,3.73255307410997
2014,5,4.08202233847703
2014,6,4.14034998971307
2014,7,4.06814215489294
2014,8,4.04498182667157
2014,9,4.06265967618787
2014,10,4.11188033013322
2014,11,4.14714233714213
2014,12,4.26103765180714
2015,1,4.4077153806277
2015,2,4.47866625428133
2015,3,4.3710392838997
2015,4,4.28506029882583
2015,5,4.18623085945293
2015,6,4.37831943699014
2015,7,4.40323478051398
2015,8,4.37139813837153
2015,9,4.40539106001392
2015,10,4.44674689438557
2015,11,4.44458746511658
2015,12,4.49295812414127
2016,1,4.302882168601
2016,2,3.64850134212442
2016,3,4.01676515133544
2016,4,4.32872016308592
2016,5,4.24790803692259
2016,6,4.22485691400602
2016,7,4.17556983331786
2016,8,12.0412770421691
2016,9,11.9574863031961
2016,10,11.9314831694083
2016,11,11.9444666739794
2016,12,11.9468139158651
2017,1,11.9702778933088
2017,2,11.9777228750163
2017,3,11.9711812642572
2017,4,12.0386600047354
2017,5,12.0893124521493
2017,6,12.2208023160915
2017,7,12.2879447853594
2017,8,12.4939290916856
2017,9,12.4653938726109
2017,10,12.4119048986247
2017,11,12.321577787949
2017,12,12.2488250278213
2018,1,12.2535626813188
2018,2,12.3474367887611
2018,3,12.9268807061629
2018,4,13.7938174972949
2018,5,14.1323957967599
2018,6,14.661163902112
2018,7,15.3680436427531
2018,8,15.8793906971849
2018,9,15.9335893714383
2018,10,15.7647470463017
2018,11,15.4065335997764
2018,12,15.0416543876061
2019,1,14.6667422348414
2019,2,14.6225611222294
2019,3,14.5028516093228
2019,4,14.3552928726578
2019,5,14.3634181862777
2019,6,14.3702502960157
2019,7,14.3718346894329
2019,8,14.3770695764441
2019,9,14.3832299128885
2019,10,14.3840319824828
2019,11,14.385340335721
2019,12,14.385340335721
