Year,Month,Concentration
1986,1,0
1986,2,0
1986,3,0
1986,4,0
1986,5,0
1986,6,0
1986,7,0
1986,8,0
1986,9,0
1986,10,0
1986,11,0
1986,12,0
1987,1,0
1987,2,0
1987,3,0
1987,4,0
1987,5,0
1987,6,0
1987,7,0
1987,8,0
1987,9,0
1987,10,0
1987,11,0
1987,12,0
1988,1,0
1988,2,0
1988,3,0
1988,4,0
1988,5,0
1988,6,0
1988,7,0
1988,8,0
1988,9,0
1988,10,0
1988,11,0
1988,12,0
1989,1,0
1989,2,0
1989,3,0
1989,4,0
1989,5,0
1989,6,0
1989,7,0
1989,8,0
1989,9,0
1989,10,0
1989,11,0
1989,12,0
1990,1,0
1990,2,0
1990,3,0
1990,4,0
1990,5,0
1990,6,0
1990,7,0
1990,8,0
1990,9,0
1990,10,0
1990,11,0
1990,12,0
1991,1,0
1991,2,0
1991,3,0
1991,4,0
1991,5,0
1991,6,0
1991,7,0
1991,8,0
1991,9,0
1991,10,0
1991,11,0
1991,12,0
1992,1,0
1992,2,0
1992,3,0
1992,4,0
1992,5,0
1992,6,0
1992,7,0
1992,8,0
1992,9,0
1992,10,0
1992,11,0
1992,12,0
1993,1,0
1993,2,0
1993,3,0
1993,4,0
1993,5,0
1993,6,0
1993,7,0
1993,8,0
1993,9,0
1993,10,0
1993,11,0
1993,12,0
1994,1,0
1994,2,0
1994,3,0
1994,4,0
1994,5,0
1994,6,0
1994,7,0
1994,8,0
1994,9,0
1994,10,0
1994,11,0
1994,12,0
1995,1,0
1995,2,0
1995,3,0
1995,4,0
1995,5,0
1995,6,0
1995,7,0
1995,8,0
1995,9,0
1995,10,0
1995,11,0
1995,12,0
1996,1,0
1996,2,0
1996,3,0
1996,4,0
1996,5,0
1996,6,0
1996,7,0
1996,8,0
1996,9,0
1996,10,0
1996,11,0
1996,12,0
1997,1,0
1997,2,0
1997,3,0
1997,4,0
1997,5,0
1997,6,0
1997,7,0
1997,8,0
1997,9,0
1997,10,0
1997,11,0
1997,12,0
1998,1,0
1998,2,0
1998,3,0
1998,4,0
1998,5,0
1998,6,0
1998,7,0
1998,8,0
1998,9,0
1998,10,0
1998,11,0
1998,12,468.422257208838
1999,1,624.543834383936
1999,2,624.337127962012
1999,3,624.039897018878
1999,4,623.965048964297
1999,5,623.905802868944
1999,6,623.583315057084
1999,7,623.240579842849
1999,8,622.597566938797
1999,9,619.887138455003
1999,10,610.689805408615
1999,11,610.397853807853
1999,12,610.513221621246
2000,1,610.110027087179
2000,2,609.944172125387
2000,3,610.262040861304
2000,4,610.205454973839
2000,5,609.756131360742
2000,6,609.853154920967
2000,7,609.618944500936
2000,8,609.646034781202
2000,9,609.277515011786
2000,10,608.515804795968
2000,11,607.965940078397
2000,12,608.282064109431
2001,1,608.124817931691
2001,2,609.043766528346
2001,3,609.236265527863
2001,4,608.238635321834
2001,5,608.016477968529
2001,6,608.276039665255
2001,7,608.589465369644
2001,8,609.29242969677
2001,9,608.883803320569
2001,10,608.059092355961
2001,11,607.938318351632
2001,12,0
2002,1,152.202125290843
2002,2,608.762369568825
2002,3,608.895932587926
2002,4,609.297787920565
2002,5,244.149245185393
2002,6,0
2002,7,306.733336622521
2002,8,122.493011835515
2002,9,0
2002,10,0
2002,11,490.74761346475
2002,12,153.384939187666
2003,1,0
2003,2,154.56457571801
2003,3,619.23648591688
2003,4,620.488401492288
2003,5,624.382154102887
2003,6,625.737992960899
2003,7,625.906698572983
2003,8,626.245012057007
2003,9,628.187916436736
2003,10,628.620823559811
2003,11,628.997872152715
2003,12,629.870786403945
2004,1,630.252192543874
2004,2,630.980144414242
2004,3,632.652025530938
2004,4,633.293656599405
2004,5,635.786032206691
2004,6,636.449482695255
2004,7,637.291016450634
2004,8,638.881618218807
2004,9,640.541917003253
2004,10,642.422627447011
2004,11,646.620918575535
2004,12,650.322924857966
2005,1,651.479605077174
2005,2,651.917299892861
2005,3,656.345224486148
2005,4,660.51448324545
2005,5,662.623980886857
2005,6,665.162689354925
2005,7,669.712688475632
2005,8,670.703993388388
2005,9,673.265663880499
2005,10,675.672861175194
2005,11,678.46919088788
2005,12,680.687654896866
2006,1,682.438927725757
2006,2,685.721923612714
2006,3,687.053946653658
2006,4,688.645712559
2006,5,694.08314524453
2006,6,695.834263694627
2006,7,696.339707137305
2006,8,704.798415380858
2006,9,713.534074531494
2006,10,715.119999875558
2006,11,716.997077754366
2006,12,721.378554340808
2007,1,724.879084313771
2007,2,716.913740473993
2007,3,714.552339043523
2007,4,701.195758967263
2007,5,687.301280433541
2007,6,686.441827064973
2007,7,687.998089334252
2007,8,700.848611215366
2007,9,723.938318689479
2007,10,730.198545914417
2007,11,727.848695567517
2007,12,725.807422944544
2008,1,723.82883316867
2008,2,714.133327062941
2008,3,705.200263918914
2008,4,702.535839592596
2008,5,691.193009894836
2008,6,683.213309561641
2008,7,669.312242857599
2008,8,662.746983279738
2008,9,659.110817407172
2008,10,666.45299058798
2008,11,666.644399131927
2008,12,655.240701191389
2009,1,648.065508913815
2009,2,646.815776800133
2009,3,617.765444790457
2009,4,597.846139264522
2009,5,594.575801539098
2009,6,589.46997463878
2009,7,588.476396627586
2009,8,588.235001736133
2009,9,590.558196248797
2009,10,590.927142529566
2009,11,597.588716084411
2009,12,621.39806907571
2010,1,626.340138141668
2010,2,626.315634398157
2010,3,626.410893865081
2010,4,630.996562698198
2010,5,635.042549934234
2010,6,624.570519632595
2010,7,621.971120585799
2010,8,616.717174276658
2010,9,607.311325752823
2010,10,599.376151021279
2010,11,601.176085058887
2010,12,619.740672659956
2011,1,631.380228513331
2011,2,630.522609152014
2011,3,614.479504600966
2011,4,592.548783213664
2011,5,580.638653615456
2011,6,545.106416697825
2011,7,531.211333301706
2011,8,502.198954831801
2011,9,480.957997764171
2011,10,477.819607127643
2011,11,476.863128259685
2011,12,476.074347912621
2012,1,475.973962463245
2012,2,480.757536685753
2012,3,484.607251196311
2012,4,483.52890437404
2012,5,480.850208313093
2012,6,480.723859315398
2012,7,475.363660367427
2012,8,470.273316931007
2012,9,469.764943285399
2012,10,467.860654121209
2012,11,466.750401874986
2012,12,464.350072159505
2013,1,460.466413876827
2013,2,459.968150415606
2013,3,460.657426113186
2013,4,459.844193275336
2013,5,459.298648953318
2013,6,459.16466788764
2013,7,458.345352189365
2013,8,456.589919922346
2013,9,456.566472221779
2013,10,457.298800803513
2013,11,455.926495504463
2013,12,457.78942648922
2014,1,458.097574148119
2014,2,460.255136496956
2014,3,458.830914262933
2014,4,346.936559185109
2014,5,239.896941257221
2014,6,240.954800530007
2014,7,242.156719765895
2014,8,241.707291472748
2014,9,241.530199058797
2014,10,241.753050425125
2014,11,244.738112621037
2014,12,244.966972466066
2015,1,243.80024516472
2015,2,242.032864023909
2015,3,241.938313671403
2015,4,241.026347426449
2015,5,240.130449949787
2015,6,240.146487799854
2015,7,238.177339682378
2015,8,236.723657113715
2015,9,238.227511399964
2015,10,238.138815420116
2015,11,238.007482568274
2015,12,237.627490035708
2016,1,237.352209841028
2016,2,236.588289205696
2016,3,236.152930776404
2016,4,236.596050436807
2016,5,236.180056719417
2016,6,235.392791946485
2016,7,235.097436020759
2016,8,234.726136329036
2016,9,235.00287420742
2016,10,235.584399138244
2016,11,235.387734524048
2016,12,234.732007420176
2017,1,234.626997593409
2017,2,233.642085910236
2017,3,232.66637715649
2017,4,229.11413936979
2017,5,227.19450473096
2017,6,226.140589552147
2017,7,226.326963614809
2017,8,227.183658717446
2017,9,227.303342939203
2017,10,227.244673652338
2017,11,226.759893056025
2017,12,226.530461418526
