Year,Month,Concentration
1986,1,0
1986,2,0
1986,3,0
1986,4,0
1986,5,0
1986,6,0
1986,7,0
1986,8,0
1986,9,0
1986,10,0
1986,11,0
1986,12,0
1987,1,0
1987,2,0
1987,3,0
1987,4,0
1987,5,0
1987,6,0
1987,7,0
1987,8,0
1987,9,0
1987,10,0.568159660855146
1987,11,0
1987,12,0
1988,1,0
1988,2,0
1988,3,0
1988,4,0
1988,5,0
1988,6,0
1988,7,0
1988,8,0
1988,9,0
1988,10,0
1988,11,0
1988,12,0
1989,1,0
1989,2,0
1989,3,0
1989,4,0
1989,5,0
1989,6,0
1989,7,0
1989,8,0
1989,9,0
1989,10,0
1989,11,0
1989,12,0
1990,1,0
1990,2,0
1990,3,0
1990,4,0
1990,5,0
1990,6,0
1990,7,0
1990,8,0
1990,9,0
1990,10,0
1990,11,0
1990,12,0
1991,1,0
1991,2,0
1991,3,0
1991,4,0
1991,5,0
1991,6,0
1991,7,0
1991,8,0
1991,9,0
1991,10,0
1991,11,2.07205203507063
1991,12,2.07175477291139
1992,1,1.24362174987113
1992,2,0
1992,3,0
1992,4,0.527869450338021
1992,5,2.11091462978458
1992,6,2.1029826730567
1992,7,2.10100972205816
1992,8,2.11839663495724
1992,9,2.13155367121746
1992,10,2.14711508308288
1992,11,2.16003207615984
1992,12,2.18565192299804
1993,1,2.1929429402371
1993,2,2.20017634160153
1993,3,2.22941952047895
1993,4,2.22941952047895
1993,5,1.6671080117982
1993,6,0
1993,7,0
1993,8,0
1993,9,1.68523866395037
1993,10,2.25609977654351
1993,11,2.27164108440813
1993,12,2.28482423260611
1994,1,2.28460539733497
1994,2,2.29456879941977
1994,3,2.32801841048251
1994,4,2.32479093537034
1994,5,2.32108506946226
1994,6,2.31760109332336
1994,7,2.3209013312743
1994,8,2.31561393184335
1994,9,2.29500375934689
1994,10,2.29374224906478
1994,11,2.29331039049822
1994,12,2.28744848002155
1995,1,2.28452236521958
1995,2,2.29040530863255
1995,3,2.30309715922582
1995,4,2.30378084807207
1995,5,2.30525854614172
1995,6,2.3031158652626
1995,7,2.29800147448952
1995,8,2.29598926443341
1995,9,2.29198021833992
1995,10,2.29572971910649
1995,11,2.2936360528879
1995,12,2.29571862792531
1996,1,2.27682112252983
1996,2,2.2585412353763
1996,3,2.25789665565335
1996,4,2.25726066313279
1996,5,2.2527917784222
1996,6,2.23918095464248
1996,7,2.22613669680336
1996,8,2.22611322222724
1996,9,2.23258570920376
1996,10,2.23771452136475
1996,11,2.23828881543345
1996,12,2.25662523830975
1997,1,2.25183296689451
1997,2,2.22846852060808
1997,3,2.23125778765317
1997,4,2.23389261168376
1997,5,2.19212438077258
1997,6,2.18978706257486
1997,7,2.188855471281
1997,8,2.20427940002146
1997,9,2.26007147903439
1997,10,2.28876111685785
1997,11,2.34545590017339
1997,12,2.35506904256778
1998,1,2.34780725636708
1998,2,2.35336795540336
1998,3,2.35767642068335
1998,4,2.36239782636644
1998,5,2.36998651533937
1998,6,2.38687981369929
1998,7,2.39244914247918
1998,8,0
1998,9,0
1998,10,0
1998,11,0
1998,12,0
1999,1,0
1999,2,0
1999,3,0
1999,4,0
1999,5,0
1999,6,0
1999,7,0
1999,8,0
1999,9,0
1999,10,0
1999,11,0
1999,12,0
2000,1,0
2000,2,0
2000,3,0
2000,4,0
2000,5,0
2000,6,0
2000,7,0
2000,8,0
2000,9,0
2000,10,0
2000,11,0
2000,12,0
2001,1,0
2001,2,0
2001,3,0
2001,4,0
2001,5,0
2001,6,0
2001,7,0
2001,8,0
2001,9,0
2001,10,0
2001,11,0
2001,12,0
2002,1,0
2002,2,0
2002,3,0
2002,4,0
2002,5,0
2002,6,0
2002,7,0
2002,8,0
2002,9,0
2002,10,0
2002,11,0
2002,12,0
2003,1,0
2003,2,0
2003,3,0
2003,4,0
2003,5,0
2003,6,0
2003,7,0
2003,8,0
2003,9,0
2003,10,0
2003,11,0
2003,12,0
2004,1,0
2004,2,0
2004,3,0
2004,4,0
2004,5,0
2004,6,0
2004,7,0
2004,8,0
2004,9,0
2004,10,0
2004,11,0
2004,12,0
2005,1,0
2005,2,0
2005,3,0
2005,4,0
2005,5,0
2005,6,0
2005,7,0
2005,8,0
2005,9,0
2005,10,0
2005,11,0
2005,12,0
2006,1,0
2006,2,0
2006,3,0
2006,4,0
2006,5,0
2006,6,0
2006,7,0
2006,8,0
2006,9,0
2006,10,0
2006,11,0
2006,12,0
2007,1,0
2007,2,0
2007,3,0
2007,4,0
2007,5,0
2007,6,0
2007,7,0
2007,8,0
2007,9,0
2007,10,0
2007,11,0
2007,12,0
2008,1,0
2008,2,0
2008,3,0
2008,4,0
2008,5,0
2008,6,0
2008,7,0
2008,8,0
2008,9,0
2008,10,0
2008,11,658.587798634791
2008,12,0
2009,1,0
2009,2,0
2009,3,0
2009,4,0
2009,5,0
2009,6,0
2009,7,0
2009,8,0
2009,9,0
2009,10,0
2009,11,0
2009,12,0
2010,1,0
2010,2,0
2010,3,0
2010,4,0
2010,5,0
2010,6,0
2010,7,0
2010,8,0
2010,9,0
2010,10,0
2010,11,0
2010,12,0
2011,1,0
2011,2,0
2011,3,0
2011,4,0
2011,5,0
2011,6,0
2011,7,0
2011,8,0
2011,9,2035.04245947502
2011,10,2543.80307434377
2011,11,2543.80307434377
2011,12,2539.16280021184
2012,1,2536.06928412389
2012,2,2536.6256793474
2012,3,2536.8111444219
2012,4,2536.53726720236
2012,5,2535.58955607531
2012,6,2535.3649447728
2012,7,2535.3649447728
2012,8,2534.8220025724
2012,9,2527.00946184487
2012,10,2524.82845571094
2012,11,2515.54031969413
2012,12,2515.6879527497
2013,1,2515.44722801826
2013,2,2515.39364675563
2013,3,2515.16474709666
2013,4,2517.44697518625
2013,5,2517.69813408864
2013,6,2517.00560723225
2013,7,2519.96122806845
2013,8,2520.89460329067
2013,9,2527.29122364711
2013,10,2526.02480400016
2013,11,2525.52284366604
2013,12,2525.34658223193
2014,1,2526.25059293665
2014,2,2527.68123920803
2014,3,2529.4118461053
2014,4,2534.51787831579
2014,5,2540.03729502061
2014,6,2540.18319276727
2014,7,2544.73447936444
2014,8,2553.19487716444
2014,9,2564.93882224208
2014,10,2604.38908222509
2014,11,2646.22140463829
2014,12,2734.20150528362
2015,1,2746.84538889186
2015,2,2758.71106866598
2015,3,2773.71684497148
2015,4,2790.67336986413
2015,5,2793.76105266867
2015,6,2797.84603722137
2015,7,2829.65994709887
2015,8,2874.84400227909
2015,9,2917.69281925061
2015,10,2921.19588648197
2015,11,2927.43557842035
2015,12,2930.98376757302
2016,1,2931.71583735025
2016,2,2932.70163811841
2016,3,2932.68821392445
2016,4,2932.61228426632
2016,5,2931.90008863643
2016,6,2932.81871197904
2016,7,2932.34741458755
2016,8,2930.02822352082
2016,9,2929.37331954968
2016,10,2929.55055912633
2016,11,2930.926153296
2016,12,2932.15607470592
2017,1,2932.62871860557
2017,2,2932.9108528672
2017,3,2932.9108528672
2017,4,2932.63752532963
2017,5,2932.36419779207
2017,6,2932.36419779207
2017,7,2932.36419779207
2017,8,2932.36419779207
2017,9,2932.36419779207
2017,10,2932.36419779207
2017,11,2932.36419779207
2017,12,2932.36419779207
