Year,Month,Concentration
1986,1,0
1986,2,0
1986,3,0
1986,4,0
1986,5,0
1986,6,0
1986,7,0
1986,8,0
1986,9,0
1986,10,0
1986,11,0
1986,12,0
1987,1,0
1987,2,0
1987,3,0
1987,4,0
1987,5,0
1987,6,0
1987,7,0
1987,8,0
1987,9,0
1987,10,0
1987,11,0
1987,12,0
1988,1,0
1988,2,0
1988,3,0
1988,4,0
1988,5,0
1988,6,0
1988,7,0
1988,8,0
1988,9,0
1988,10,0
1988,11,0
1988,12,0
1989,1,0
1989,2,0
1989,3,0
1989,4,0
1989,5,0
1989,6,0
1989,7,0
1989,8,0
1989,9,0
1989,10,0
1989,11,0
1989,12,0
1990,1,0
1990,2,0
1990,3,0
1990,4,0
1990,5,0
1990,6,0
1990,7,0
1990,8,0
1990,9,0
1990,10,0
1990,11,0
1990,12,0
1991,1,0
1991,2,0
1991,3,0
1991,4,0
1991,5,0
1991,6,0
1991,7,0
1991,8,0
1991,9,0
1991,10,0
1991,11,0
1991,12,0
1992,1,0
1992,2,0
1992,3,0
1992,4,0
1992,5,0
1992,6,0
1992,7,0
1992,8,0
1992,9,0
1992,10,0
1992,11,0
1992,12,0
1993,1,0
1993,2,0
1993,3,0
1993,4,0
1993,5,0
1993,6,0
1993,7,0
1993,8,0
1993,9,0
1993,10,0
1993,11,0
1993,12,0
1994,1,0
1994,2,0
1994,3,0
1994,4,0
1994,5,0
1994,6,0
1994,7,0
1994,8,0
1994,9,0
1994,10,0
1994,11,0
1994,12,0
1995,1,0
1995,2,0
1995,3,0
1995,4,0
1995,5,0
1995,6,0
1995,7,0
1995,8,0
1995,9,0
1995,10,0
1995,11,0
1995,12,0
1996,1,0
1996,2,0
1996,3,0
1996,4,0
1996,5,0
1996,6,0
1996,7,0
1996,8,0
1996,9,0
1996,10,0
1996,11,0
1996,12,0
1997,1,0
1997,2,0
1997,3,0
1997,4,0
1997,5,0
1997,6,0
1997,7,0
1997,8,0
1997,9,0
1997,10,0
1997,11,0
1997,12,0
1998,1,0
1998,2,0
1998,3,0
1998,4,0
1998,5,0
1998,6,0
1998,7,0
1998,8,0
1998,9,0
1998,10,0
1998,11,0
1998,12,0
1999,1,0
1999,2,0
1999,3,0
1999,4,0
1999,5,0
1999,6,0
1999,7,0
1999,8,0
1999,9,0
1999,10,0
1999,11,0
1999,12,0
2000,1,0
2000,2,0
2000,3,0
2000,4,0
2000,5,0
2000,6,0
2000,7,0
2000,8,0
2000,9,0
2000,10,0
2000,11,0
2000,12,0
2001,1,0
2001,2,0
2001,3,0
2001,4,0
2001,5,0
2001,6,0
2001,7,0
2001,8,0
2001,9,0
2001,10,0
2001,11,0
2001,12,0
2002,1,0
2002,2,0
2002,3,0
2002,4,0
2002,5,0
2002,6,0
2002,7,0
2002,8,0
2002,9,0
2002,10,0
2002,11,0
2002,12,0
2003,1,0
2003,2,0
2003,3,0
2003,4,0
2003,5,0
2003,6,1.41276440837616
2003,7,5.65105763350463
2003,8,5.64505105233601
2003,9,5.64113299183607
2003,10,5.64032619617576
2003,11,5.64121848547527
2003,12,5.64433579395346
2004,1,5.64559700467849
2004,2,5.65650580560788
2004,3,5.65399460561512
2004,4,5.65758619812737
2004,5,5.66337773847178
2004,6,5.66594204420178
2004,7,5.66707573673684
2004,8,5.66777426850514
2004,9,5.66835029068381
2004,10,5.66866533030608
2004,11,5.67036866340747
2004,12,5.67473267604155
2005,1,5.68075700195448
2005,2,5.67970158307272
2005,3,5.68098862655245
2005,4,5.68280082845153
2005,5,5.6860651449726
2005,6,5.68724709002911
2005,7,5.69112861586087
2005,8,5.69069712221782
2005,9,5.69062490108336
2005,10,5.67909979178778
2005,11,5.67531180793332
2005,12,5.68303427334488
2006,1,5.68316134838545
2006,2,5.68377115440961
2006,3,5.69553493915597
2006,4,5.71435816627255
2006,5,5.72269992025319
2006,6,5.72618657185141
2006,7,5.73446517030127
2006,8,5.7377707183128
2006,9,5.74635921234425
2006,10,5.74648433442146
2006,11,5.73883589076168
2006,12,5.73471006567462
2007,1,5.73714721380413
2007,2,5.7370798897459
2007,3,5.74012475784591
2007,4,5.73582314558393
2007,5,5.74428640384676
2007,6,5.75513829953584
2007,7,5.75979418829353
2007,8,5.76005041089856
2007,9,5.76870508922637
2007,10,5.78375651153197
2007,11,5.7974801375748
2007,12,5.80535038935243
2008,1,5.82616718812688
2008,2,5.82924353080877
2008,3,5.82933806992408
2008,4,5.83038491165249
2008,5,5.83068046994294
2008,6,5.83044927946885
2008,7,5.85540437988138
2008,8,5.87690890345417
2008,9,5.88314898435512
2008,10,5.8932164048571
2008,11,5.90087751510081
2008,12,5.90956889816557
2009,1,5.91044344094178
2009,2,5.90459095526672
2009,3,5.90554150950006
2009,4,5.90269609368351
2009,5,5.89985067786696
2009,6,5.90290317702139
2009,7,5.90629388755421
2009,8,5.90539939171836
2009,9,5.90539939171836
2009,10,5.90543192414469
2009,11,5.9077624907209
2009,12,5.91468912559689
2010,1,5.91765364752704
2010,2,5.91685935570309
2010,3,5.91981704351893
2010,4,5.92080293945755
2010,5,5.92114553663213
2010,6,5.92378824802815
2010,7,5.92222886484805
2010,8,5.91267860421504
2010,9,5.91267860421504
2010,10,5.91359499613122
2010,11,5.91585942925985
2010,12,5.94110063281593
2011,1,5.94571483992533
2011,2,5.94999622439955
2011,3,5.95051539249557
2011,4,6.02803123730667
2011,5,6.10349082576681
2011,6,6.06487471931129
2011,7,6.01614466305529
2011,8,6.01806104146124
2011,9,6.02424180431813
2011,10,6.01635757780389
2011,11,9.53074895309211
2011,12,9.61454208943232
2012,1,9.57368009767221
2012,2,9.50926243442169
2012,3,9.46455623213343
2012,4,9.42469608333175
2012,5,9.39249935137076
2012,6,9.29310266137812
2012,7,9.27987284895624
2012,8,9.26092348790905
2012,9,9.23388262196233
2012,10,9.22795566677488
2012,11,9.23938240460999
2012,12,9.18369221843894
2013,1,9.15017862863071
2013,2,9.12062177201806
2013,3,9.02504624578252
2013,4,9.09428237145738
2013,5,9.13276590202419
2013,6,9.13499929922411
2013,7,9.13784770401647
2013,8,9.1405277193535
2013,9,9.1696923237898
2013,10,9.0764703102554
2013,11,9.04893311274929
2013,12,9.04417468122069
2014,1,9.02650631508118
2014,2,9.00428339448912
2014,3,8.95014284347174
2014,4,8.9528377762021
2014,5,8.98427381130977
2014,6,8.93738620800903
2014,7,8.96638621545576
2014,8,8.96474391225971
2014,9,8.89897115124352
2014,10,8.88303537954611
2014,11,8.89073744394895
2014,12,8.90295289470919
2015,1,8.89188029618621
2015,2,8.89034655484129
2015,3,8.95027374163119
2015,4,8.96429907356509
2015,5,8.9973056408646
2015,6,8.996069947123
2015,7,9.00324974637912
2015,8,9.04683190560345
2015,9,9.06442450810456
2015,10,9.06310639604512
2015,11,9.06001854007502
2015,12,9.05458581327503
