Year,Month,Concentration
1986,1,0
1986,2,0
1986,3,0
1986,4,0
1986,5,0
1986,6,0
1986,7,0
1986,8,0
1986,9,0
1986,10,0
1986,11,0
1986,12,0
1987,1,0
1987,2,0
1987,3,0
1987,4,0
1987,5,0
1987,6,0
1987,7,0
1987,8,0
1987,9,0
1987,10,0
1987,11,0
1987,12,0
1988,1,0
1988,2,0
1988,3,0
1988,4,0
1988,5,0
1988,6,0
1988,7,0
1988,8,0
1988,9,0
1988,10,0
1988,11,0
1988,12,0
1989,1,0
1989,2,0
1989,3,0
1989,4,0
1989,5,0
1989,6,0
1989,7,0
1989,8,0
1989,9,0
1989,10,0
1989,11,0
1989,12,0
1990,1,0
1990,2,0
1990,3,0
1990,4,0
1990,5,0
1990,6,0
1990,7,0
1990,8,0
1990,9,0
1990,10,0
1990,11,0
1990,12,0
1991,1,0
1991,2,0
1991,3,0
1991,4,0
1991,5,0
1991,6,0
1991,7,0
1991,8,0
1991,9,0
1991,10,0
1991,11,0
1991,12,0
1992,1,0
1992,2,0
1992,3,0
1992,4,0
1992,5,0
1992,6,0
1992,7,0
1992,8,0
1992,9,0
1992,10,0
1992,11,0
1992,12,0
1993,1,0
1993,2,0
1993,3,0
1993,4,0
1993,5,0
1993,6,0
1993,7,0
1993,8,0
1993,9,0
1993,10,0
1993,11,0
1993,12,0
1994,1,0
1994,2,0
1994,3,0
1994,4,0
1994,5,0
1994,6,0
1994,7,0
1994,8,0
1994,9,0
1994,10,0
1994,11,0
1994,12,0
1995,1,0
1995,2,0
1995,3,0
1995,4,0
1995,5,0
1995,6,0
1995,7,0
1995,8,0
1995,9,0
1995,10,0
1995,11,0
1995,12,0
1996,1,0
1996,2,0
1996,3,0
1996,4,0
1996,5,0
1996,6,0
1996,7,0
1996,8,0
1996,9,0
1996,10,0
1996,11,0
1996,12,0
1997,1,0
1997,2,0
1997,3,0
1997,4,0
1997,5,0
1997,6,0
1997,7,0
1997,8,0
1997,9,0
1997,10,0
1997,11,0
1997,12,0
1998,1,0
1998,2,0
1998,3,0
1998,4,0
1998,5,0
1998,6,0
1998,7,0
1998,8,0
1998,9,0
1998,10,0
1998,11,0
1998,12,0
1999,1,0
1999,2,0
1999,3,0
1999,4,0
1999,5,0
1999,6,0
1999,7,0
1999,8,0
1999,9,0
1999,10,0
1999,11,0
1999,12,0
2000,1,0
2000,2,0
2000,3,0
2000,4,0
2000,5,0
2000,6,0
2000,7,0
2000,8,0
2000,9,0
2000,10,1.79193791215091
2000,11,1.75423436255306
2000,12,0
2001,1,0
2001,2,0
2001,3,0
2001,4,0
2001,5,0
2001,6,0
2001,7,0
2001,8,0
2001,9,0
2001,10,0
2001,11,0
2001,12,0
2002,1,0
2002,2,0
2002,3,0
2002,4,0
2002,5,0
2002,6,0
2002,7,0
2002,8,0
2002,9,0
2002,10,0
2002,11,0
2002,12,0
2003,1,0
2003,2,0
2003,3,0
2003,4,0
2003,5,0
2003,6,0
2003,7,0
2003,8,0
2003,9,0
2003,10,0
2003,11,0
2003,12,0
2004,1,0
2004,2,0
2004,3,0
2004,4,0
2004,5,0
2004,6,0
2004,7,0
2004,8,0
2004,9,0
2004,10,0
2004,11,0
2004,12,0
2005,1,0
2005,2,0
2005,3,0
2005,4,0
2005,5,0
2005,6,0
2005,7,0
2005,8,0
2005,9,0
2005,10,0
2005,11,0
2005,12,0
2006,1,0
2006,2,0
2006,3,0
2006,4,0
2006,5,0
2006,6,0
2006,7,0
2006,8,0
2006,9,0
2006,10,0
2006,11,0
2006,12,0
2007,1,0
2007,2,0
2007,3,0
2007,4,0
2007,5,0
2007,6,0
2007,7,0
2007,8,0
2007,9,0
2007,10,0
2007,11,0
2007,12,0
2008,1,0
2008,2,0
2008,3,0
2008,4,0
2008,5,0
2008,6,0
2008,7,0
2008,8,0
2008,9,0
2008,10,0
2008,11,0
2008,12,0
2009,1,0
2009,2,0
2009,3,0
2009,4,0
2009,5,0
2009,6,0
2009,7,0
2009,8,0
2009,9,0
2009,10,0
2009,11,0
2009,12,0
2010,1,0
2010,2,0
2010,3,0
2010,4,0
2010,5,0
2010,6,0
2010,7,0
2010,8,0
2010,9,0
2010,10,0
2010,11,0
2010,12,0
2011,1,0
2011,2,0
2011,3,0
2011,4,0
2011,5,0
2011,6,0
2011,7,0
2011,8,0
2011,9,0
2011,10,0
2011,11,0
2011,12,1.15653929214407
2012,1,2.89068930206089
2012,2,2.88792891351768
2012,3,2.87853411424433
2012,4,2.86209470541235
2012,5,2.84836753239793
2012,6,2.83931289423392
2012,7,2.8405987617587
2012,8,2.90805197297047
2012,9,2.99859875769078
2012,10,2.99539353567344
2012,11,2.99414661418434
2012,12,2.97242987205313
2013,1,2.82320495604954
2013,2,2.76464935071738
2013,3,2.81256640509226
2013,4,2.85766420368018
2013,5,2.8653478884424
2013,6,2.84334828909887
2013,7,2.74216102408491
2013,8,2.8331855927135
2013,9,2.93166084511101
2013,10,2.92743771229065
2013,11,2.90639412569648
2013,12,2.75020892146814
2014,1,2.72325953258896
2014,2,2.81553658629878
2014,3,2.8441028085936
2014,4,2.88818987649965
2014,5,3.01417357805814
2014,6,3.01692025135966
2014,7,3.02354289896464
2014,8,2.98686042334055
2014,9,2.84865578037772
2014,10,2.84540543727147
2014,11,2.84187533342588
2014,12,2.83811572500855
2015,1,2.76417155385549
2015,2,2.71173475229593
2015,3,2.71849858904591
2015,4,2.74012346778301
2015,5,2.76066796427945
2015,6,2.75518908884135
2015,7,2.74614159297465
2015,8,2.74969920978999
2015,9,2.74540061704584
2015,10,2.73606841954515
2015,11,2.77515954094955
2015,12,2.80319712599509
2016,1,2.90757345544278
2016,2,2.98051004495303
2016,3,3.02024567491589
2016,4,3.28985114843917
2016,5,3.52395651134839
2016,6,3.51885911379492
2016,7,3.36458324426986
2016,8,3.31753304019257
2016,9,3.23522139862739
2016,10,3.37232971216438
2016,11,3.40628623375394
2016,12,3.34509745383775
2017,1,3.52119127753349
2017,2,3.80392198043759
2017,3,3.98051617552582
2017,4,4.06582133323865
2017,5,4.12712574555265
2017,6,4.07717957424539
2017,7,4.06358986292367
2017,8,4.07885697043089
2017,9,3.98198387205905
2017,10,3.89664651824073
2017,11,3.98629922589228
2017,12,4.19993644449064
2018,1,4.35821341402434
2018,2,4.44127991045537
2018,3,4.48680560736598
2018,4,4.54580975662928
2018,5,4.54510495752782
2018,6,4.49957125239676
2018,7,4.45645898152965
2018,8,4.43093736949223
2018,9,4.32864759832937
2018,10,4.22976182914187
2018,11,4.18899137953892
2018,12,4.25204042436338
2019,1,4.26039323024964
2019,2,4.22075362114161
2019,3,4.19341558049584
2019,4,4.21102928954605
2019,5,4.18820837408726
2019,6,4.15791378735978
2019,7,4.15884589657378
2019,8,4.161470062094
2019,9,4.15913751772401
2019,10,4.17440811296205
2019,11,4.20029771489649
2019,12,4.21907941372922
