Year,Month,Concentration
1986,1,145.651282835047
1986,2,145.651282835047
1986,3,145.651282835047
1986,4,145.651282835047
1986,5,145.651282835047
1986,6,145.651282835047
1986,7,145.651282835047
1986,8,145.651282835047
1986,9,145.651282835047
1986,10,145.651282835047
1986,11,145.651282835047
1986,12,145.651282835047
1987,1,145.651282835047
1987,2,145.651282835047
1987,3,145.651282835047
1987,4,145.651282835047
1987,5,145.651282835047
1987,6,145.651282835047
1987,7,145.651282835047
1987,8,145.651282835047
1987,9,145.651282835047
1987,10,145.650029174059
1987,11,145.645014530103
1987,12,145.645014530103
1988,1,145.644438824106
1988,2,145.642136000118
1988,3,145.641884784302
1988,4,145.641884784302
1988,5,145.641884784302
1988,6,145.641884784302
1988,7,145.641884784302
1988,8,145.641884784302
1988,9,145.641884784302
1988,10,145.641884784302
1988,11,145.641884784302
1988,12,145.676275253137
1989,1,145.67489169399
1989,2,145.67489169399
1989,3,145.67650283255
1989,4,145.633123927105
1989,5,145.633123927105
1989,6,145.632379523891
1989,7,145.632193423087
1989,8,145.632193423087
1989,9,145.62964355211
1989,10,145.626469124531
1989,11,145.616945841793
1989,12,145.615787399478
1990,1,145.615015104601
1990,2,145.615015104601
1990,3,145.614212262228
1990,4,145.611000892737
1990,5,145.604206238106
1990,6,145.604206238106
1990,7,145.604206238106
1990,8,145.604206238106
1990,9,145.604206238106
1990,10,145.591682940725
1990,11,145.552025186007
1990,12,145.556846912073
1991,1,145.602285518036
1991,2,145.685943250175
1991,3,145.685416943861
1991,4,145.685416943861
1991,5,145.56268702531
1991,6,145.576789401489
1991,7,145.619295801078
1991,8,145.638049865895
1991,9,145.665427759844
1991,10,145.665427759844
1991,11,145.666889551016
1991,12,145.66835841395
1992,1,145.667043704084
1992,2,145.661784864619
1992,3,145.661784864619
1992,4,145.654471928723
1992,5,145.653766131102
1992,6,145.655417915671
1992,7,145.64546425326
1992,8,145.628638268731
1992,9,145.622951795995
1992,10,145.622951795995
1992,11,145.646123779706
1992,12,145.653847774277
1993,1,145.653847774277
1993,2,145.653847774277
1993,3,145.653847774277
1993,4,145.653847774277
1993,5,145.653847774277
1993,6,145.653847774277
1993,7,145.653847774277
1993,8,145.653847774277
1993,9,145.642402276121
1993,10,145.641891085787
1993,11,145.63984632445
1993,12,145.633233528735
1994,1,145.628824998258
1994,2,145.626056569911
1994,3,145.617751284869
1994,4,145.617751284869
1994,5,145.617751284869
1994,6,145.573223624857
1994,7,145.439640644819
1994,8,145.439640644819
1994,9,145.437580075192
1994,10,145.432338512759
1994,11,145.432338512759
1994,12,145.358135831026
1995,1,145.308667376536
1995,2,145.308667376536
1995,3,145.308667376536
1995,4,145.308667376536
1995,5,145.306041944436
1995,6,145.303416512335
1995,7,145.303416512335
1995,8,145.303416512335
1995,9,145.303416512335
1995,10,145.303416512335
1995,11,145.303416512335
1995,12,145.303416512335
1996,1,145.182726870577
1996,2,145.055219930244
1996,3,145.055219930244
1996,4,145.055219930244
1996,5,145.055219930244
1996,6,145.050686214648
1996,7,145.208534439844
1996,8,145.372156639598
1996,9,145.378038992918
1996,10,145.703599116199
1996,11,145.927217306629
1996,12,145.92088913148
1997,1,146.414543223271
1997,2,146.966764117276
1997,3,147.249804645969
1997,4,147.287185653962
1997,5,147.186936233433
1997,6,147.119613416491
1997,7,147.236877263958
1997,8,147.30245703913
1997,9,147.20118865735
1997,10,148.088768463235
1997,11,149.757903032708
1997,12,151.460791736887
1998,1,152.304048716494
1998,2,153.247562738582
1998,3,153.698370549435
1998,4,154.241871440672
1998,5,155.484486349228
1998,6,156.981509187919
1998,7,157.93112526432
1998,8,159.172832186751
1998,9,159.964739540826
1998,10,161.146912180146
1998,11,161.312086978758
1998,12,161.26561734404
1999,1,161.300912519256
1999,2,161.164712215033
1999,3,161.365096130734
1999,4,160.616203111634
1999,5,160.022060296823
1999,6,158.316755954297
1999,7,157.284102744761
1999,8,156.864353552624
1999,9,155.947857802756
1999,10,153.769783468995
1999,11,153.181089295703
1999,12,153.248476291244
2000,1,152.88064476371
2000,2,152.474251224707
2000,3,152.365622601887
2000,4,151.960179672214
2000,5,151.508561955567
2000,6,151.290063369491
2000,7,151.227300682766
2000,8,151.152880297454
2000,9,150.93894325865
2000,10,150.942627925748
2000,11,150.795463337824
2000,12,151.192936867397
2001,1,151.09464379248
2001,2,151.22996369346
2001,3,151.563995651024
2001,4,151.716668920043
2001,5,152.05707222416
2001,6,152.182596678528
2001,7,152.391416404699
2001,8,152.957217002374
2001,9,153.057091380388
2001,10,153.126815573711
2001,11,153.237261267934
2001,12,153.569306499164
2002,1,153.605445197317
2002,2,153.553500211207
2002,3,153.320372706036
2002,4,153.241341129431
2002,5,153.390120086235
2002,6,153.731652413595
2002,7,153.934592017448
2002,8,154.202707486167
2002,9,154.086177801352
2002,10,153.860106994566
2002,11,152.285917662481
2002,12,150.944416135672
2003,1,151.338909832649
2003,2,151.779260587216
2003,3,151.247711960666
2003,4,151.255711949707
2003,5,151.251303042462
2003,6,151.090604822911
2003,7,150.169902231005
2003,8,149.11190195449
2003,9,148.929327215588
2003,10,146.424942303557
2003,11,147.39861828497
2003,12,146.635091555179
2004,1,145.600801308042
2004,2,146.114807109655
2004,3,144.881794876209
2004,4,138.610604995067
2004,5,134.340724110624
2004,6,134.806349295155
2004,7,134.405853881116
2004,8,134.061742001749
2004,9,132.427922491808
2004,10,131.44823674266
2004,11,130.853508331453
2004,12,132.325012912182
2005,1,131.812665675655
2005,2,130.905730709098
2005,3,132.632612679858
2005,4,133.035445303588
2005,5,133.122143990444
2005,6,132.699679948646
2005,7,131.852130401704
2005,8,45.8605110447505
2005,9,44.3152490562586
2005,10,41.3185996040138
2005,11,43.5145149528409
2005,12,46.1097027508893
2006,1,47.1641265106402
2006,2,47.6393983255295
2006,3,47.6730677472797
2006,4,47.7844347233537
2006,5,47.8949954238269
2006,6,47.8093339803629
2006,7,47.8055020309886
2006,8,47.74410215429
2006,9,47.4549075360199
2006,10,47.1670860502495
2006,11,46.5229810106037
2006,12,45.8974420562271
2007,1,45.5575247736423
2007,2,45.1951563888889
2007,3,44.3683796087067
2007,4,43.0702324515658
2007,5,41.7154184490189
2007,6,39.2585060345559
2007,7,36.5203078820027
2007,8,37.1982159513926
2007,9,38.4262587455921
2007,10,39.2295301040889
2007,11,39.173498790791
2007,12,39.0947158850136
2008,1,38.2954106379272
2008,2,37.7118349909795
2008,3,36.7668630447296
2008,4,35.2222997880425
2008,5,33.6472485096844
2008,6,32.1123573844404
2008,7,28.9126441876803
2008,8,27.9949221392821
2008,9,27.7184188890058
2008,10,27.8322657007677
2008,11,29.7986599934567
2008,12,30.3878556134076
2009,1,30.6264071375044
2009,2,26.6909571104096
2009,3,23.7696292095195
2009,4,23.4532148735229
2009,5,22.767840318725
2009,6,22.4035589742754
2009,7,22.1585027162586
2009,8,21.9424665934154
2009,9,21.515931074159
2009,10,21.1724557167232
2009,11,20.6099708767382
2009,12,20.0877064840235
2010,1,19.8176392488165
2010,2,19.6138589272199
2010,3,19.6522238765812
2010,4,20.8947912657928
2010,5,19.4187164784923
2010,6,18.9186673478453
2010,7,18.4922373667466
2010,8,18.2430424432781
2010,9,18.0528810990446
2010,10,17.8662136551298
2010,11,17.9304679782707
2010,12,17.4909782066446
2011,1,17.2254986178504
2011,2,17.1149799591866
2011,3,16.8252769489868
2011,4,16.68718563764
2011,5,16.3664819297042
2011,6,16.2232505355451
2011,7,15.8331782763342
2011,8,15.5032874361743
2011,9,15.173491562585
2011,10,14.8530006913621
2011,11,14.8772159285879
2011,12,14.8202510530679
2012,1,14.9371881315861
2012,2,15.1064547387423
2012,3,15.1526156757137
2012,4,15.17455388492
2012,5,15.2982968179021
2012,6,15.357316642648
2012,7,7.06574944966194
2012,8,4.31937902443635
2012,9,4.38565272702503
2012,10,4.36318086556257
2012,11,4.35667503581553
2012,12,4.39658885469761
2013,1,4.39799409966271
2013,2,4.40932123349885
2013,3,4.43666913860332
2013,4,4.43916148657635
2013,5,4.42127845480995
2013,6,4.43094813892678
2013,7,4.42159942352018
2013,8,4.41383561063059
2013,9,4.40595140809865
2013,10,4.3772507105573
2013,11,4.37501543908873
2013,12,4.35242816312636
2014,1,4.33218190883664
2014,2,4.29372617455742
2014,3,4.26804815507619
2014,4,4.27116386467386
2014,5,4.29873902802815
2014,6,4.27982483153457
2014,7,4.23892540855611
2014,8,4.20710959677691
2014,9,4.14905033935602
2014,10,4.12697677571155
2014,11,4.12068786018282
2014,12,4.12268805353167
2015,1,4.13129510650004
2015,2,4.13545331996861
2015,3,4.1368039649805
2015,4,4.13209049000804
2015,5,4.1405313179166
2015,6,4.13620026690385
2015,7,4.07404303393586
2015,8,4.04464317155481
2015,9,4.04265429068335
2015,10,4.02726196603061
2015,11,4.02948729874679
2015,12,4.03039366296683
