Year,Month,Concentration
1986,1,0
1986,2,0
1986,3,0
1986,4,0
1986,5,0
1986,6,0
1986,7,0
1986,8,0
1986,9,0
1986,10,0
1986,11,0
1986,12,0
1987,1,0
1987,2,0
1987,3,0
1987,4,0
1987,5,0
1987,6,0
1987,7,0
1987,8,0
1987,9,0
1987,10,0
1987,11,0
1987,12,0
1988,1,0
1988,2,0
1988,3,0
1988,4,0
1988,5,0
1988,6,0
1988,7,0
1988,8,0
1988,9,0
1988,10,0
1988,11,0
1988,12,0
1989,1,0
1989,2,0
1989,3,0
1989,4,0
1989,5,0
1989,6,0
1989,7,0
1989,8,0
1989,9,0
1989,10,0
1989,11,0
1989,12,0
1990,1,0
1990,2,0
1990,3,0
1990,4,0
1990,5,0
1990,6,0
1990,7,0
1990,8,0
1990,9,0
1990,10,0
1990,11,0
1990,12,0
1991,1,0
1991,2,0
1991,3,0
1991,4,0
1991,5,0
1991,6,0
1991,7,0
1991,8,0
1991,9,0
1991,10,0
1991,11,0
1991,12,0
1992,1,0
1992,2,0
1992,3,0
1992,4,0
1992,5,0
1992,6,0
1992,7,0
1992,8,0
1992,9,0
1992,10,0
1992,11,0
1992,12,0
1993,1,0
1993,2,0
1993,3,0
1993,4,0
1993,5,0
1993,6,0
1993,7,0
1993,8,0
1993,9,0
1993,10,0
1993,11,0
1993,12,0
1994,1,0
1994,2,0
1994,3,0
1994,4,0
1994,5,0
1994,6,0
1994,7,0
1994,8,0
1994,9,0
1994,10,0
1994,11,0
1994,12,0
1995,1,0
1995,2,0
1995,3,0
1995,4,0
1995,5,0
1995,6,0
1995,7,0
1995,8,0
1995,9,0
1995,10,0
1995,11,0
1995,12,0
1996,1,0
1996,2,0
1996,3,0
1996,4,0
1996,5,0
1996,6,0
1996,7,0
1996,8,0
1996,9,0
1996,10,65.6032249871846
1996,11,131.115543179491
1996,12,130.841444112377
1997,1,130.933610723073
1997,2,131.095795244963
1997,3,131.114745230798
1997,4,131.066935080568
1997,5,130.889861767895
1997,6,130.886187124951
1997,7,130.956885125741
1997,8,131.229020676425
1997,9,131.291446138229
1997,10,131.688545023815
1997,11,132.025521542008
1997,12,132.377682445075
1998,1,133.664812203918
1998,2,134.414601444558
1998,3,134.644175498956
1998,4,134.908307673324
1998,5,135.206301077764
1998,6,135.361682012669
1998,7,135.39833665867
1998,8,135.655377746558
1998,9,135.929282373478
1998,10,136.209893673699
1998,11,136.312277783802
1998,12,136.281250158799
1999,1,136.333962946126
1999,2,136.311135058552
1999,3,136.419829823751
1999,4,136.396738367688
1999,5,136.194755496594
1999,6,135.893295176313
1999,7,135.483154122741
1999,8,134.737039767151
1999,9,133.670039326302
1999,10,132.844728608084
1999,11,132.603298653476
1999,12,132.603298653476
2000,1,132.136032322739
2000,2,132.006873290683
2000,3,131.897076864541
2000,4,131.438575079798
2000,5,131.244583722067
2000,6,131.181713152078
2000,7,131.145893094847
2000,8,131.237470277714
2000,9,131.307284168468
2000,10,131.469622407655
2000,11,131.389274475383
2000,12,131.223508129679
2001,1,131.149136409909
2001,2,131.224773697225
2001,3,131.596093680342
2001,4,131.441394691416
2001,5,131.315232393313
2001,6,131.334061580439
2001,7,131.359528942077
2001,8,131.357217018595
2001,9,131.334680811432
2001,10,131.278124362528
2001,11,131.267023897576
2001,12,131.280658667211
2002,1,131.24976870936
2002,2,131.21300899903
2002,3,131.22543495232
2002,4,131.223855852664
2002,5,131.214663360792
2002,6,131.271923047211
2002,7,131.48884947638
2002,8,131.355914759796
2002,9,131.475638184426
2002,10,131.515168909411
2002,11,131.489936047825
2002,12,131.301974369999
2003,1,131.026664891379
2003,2,130.972868906785
2003,3,130.769196226921
2003,4,130.582648758917
2003,5,130.420449783282
2003,6,130.785254453344
2003,7,130.578614730235
2003,8,130.69899120856
2003,9,130.719222163969
2003,10,137.540601196211
2003,11,146.575092073398
2003,12,146.995968567231
2004,1,156.554823190269
2004,2,163.505985856484
2004,3,164.766897168104
2004,4,163.332452855933
2004,5,155.931152636719
2004,6,154.976204266585
2004,7,155.199020266894
2004,8,155.502203912778
2004,9,158.228808975145
2004,10,166.171377207374
2004,11,167.71494053826
2004,12,168.296745003548
2005,1,168.521376154374
2005,2,168.23010783375
2005,3,168.170995200591
2005,4,214.362002250319
2005,5,404.561920872501
2005,6,402.53581720183
2005,7,401.261971501928
2005,8,400.417355608484
2005,9,400.261695670292
2005,10,400.130028941812
2005,11,400.621309372795
2005,12,400.601544891071
2006,1,400.650282070049
2006,2,401.693022245865
2006,3,404.162765629086
2006,4,409.941076849834
2006,5,415.427925228612
2006,6,424.809953541537
2006,7,431.027159710316
2006,8,433.109569378449
2006,9,438.860668939505
2006,10,447.536630072207
2006,11,455.763752752292
2006,12,472.695668488688
2007,1,501.352632283927
2007,2,503.925893851332
2007,3,499.094990961593
2007,4,500.935275503402
2007,5,515.631230436625
2007,6,519.732442207578
2007,7,524.823934564713
2007,8,523.602753594107
2007,9,539.691759094162
2007,10,536.364118123465
2007,11,513.182915051812
2007,12,499.299603735716
2008,1,497.923104084123
2008,2,503.380874155035
2008,3,541.520812476574
2008,4,561.346233836639
2008,5,562.136025913235
2008,6,560.277313748799
2008,7,555.356805371886
2008,8,544.677473891587
2008,9,517.394075676028
2008,10,509.542167112641
2008,11,508.449701502687
2008,12,500.615128809376
2009,1,503.701162507278
2009,2,524.265067021258
2009,3,555.510539605532
2009,4,593.9340911516
2009,5,597.499695154688
2009,6,600.987675671388
2009,7,604.008822134474
2009,8,619.399406273817
2009,9,642.710513343905
2009,10,644.326786900909
2009,11,645.745346512077
2009,12,647.918368173183
2010,1,648.930330162321
2010,2,649.577097575183
2010,3,650.199067021031
2010,4,650.434290617886
2010,5,651.60496703609
2010,6,652.189550081786
2010,7,652.33774379747
2010,8,652.764087752608
2010,9,652.945677657269
2010,10,653.092557873243
2010,11,630.227136124439
2010,12,621.215697655533
2011,1,616.575444533613
2011,2,583.251282238056
2011,3,556.650329000673
2011,4,570.13673194457
2011,5,626.354362358804
2011,6,655.967986741518
2011,7,648.903842279573
2011,8,667.644675483224
2011,9,668.692943324628
2011,10,667.936386773514
2011,11,665.570372997915
2011,12,668.876944052877
2012,1,669.661569784341
2012,2,677.181446769548
2012,3,671.758795081443
2012,4,673.104182461421
2012,5,670.922979698149
2012,6,670.442442553632
2012,7,673.160934946051
2012,8,677.414506945634
2012,9,675.827746988683
2012,10,666.595225692865
2012,11,660.11961446331
2012,12,650.017078559459
2013,1,638.884541268817
2013,2,642.401599967332
2013,3,628.112531414863
2013,4,565.412993158715
2013,5,539.440785984773
2013,6,529.889656978323
2013,7,521.902648900368
2013,8,506.525533359492
2013,9,495.994336318199
2013,10,492.53325669717
2013,11,487.516298865718
2013,12,483.991668351333
2014,1,482.558652506142
2014,2,495.541421866557
2014,3,476.869143575359
2014,4,476.368917749414
2014,5,416.286168439315
2014,6,401.937757187731
2014,7,331.823861046495
2014,8,125.765539134013
2014,9,393.837303057092
2014,10,192.583438419729
2014,11,192.2018030889
2014,12,193.069151023649
2015,1,191.292333525421
2015,2,158.378949196175
2015,3,318.635717498386
2015,4,153.006588095514
2015,5,150.427970051618
2015,6,315.457922819837
2015,7,179.979139346515
2015,8,183.216221114824
2015,9,181.508087579537
2015,10,179.232293926533
2015,11,482.93998672365
2015,12,493.256140954858
2016,1,472.899888781305
2016,2,488.727795489784
2016,3,491.053633388244
2016,4,497.130704153539
2016,5,390.482608250961
2016,6,477.455563040259
2016,7,481.040801961584
2016,8,500.401789058735
2016,9,525.119102295162
2016,10,536.994886926644
2016,11,525.050487092931
2016,12,541.812666910796
2017,1,537.111978265382
2017,2,511.133713269058
2017,3,519.839085930923
2017,4,152.962872058359
2017,5,35.4829822568517
2017,6,32.7390747673977
2017,7,31.2938046734981
2017,8,30.8108692674573
2017,9,32.1747086380562
2017,10,36.0036400268083
2017,11,36.3594756351178
2017,12,36.4106033217192
2018,1,34.7852156508059
2018,2,32.9673535766361
2018,3,31.4433818206429
2018,4,31.5877019816949
2018,5,29.9210079810047
2018,6,27.5408314874734
2018,7,28.3332499559719
2018,8,27.8398411571747
2018,9,28.1233498515038
2018,10,27.2881371407138
2018,11,28.7860731163251
2018,12,31.5738904789458
2019,1,33.0017162565845
2019,2,33.0438367570664
2019,3,31.9796904319231
2019,4,32.948081073903
2019,5,34.0864626562318
2019,6,34.1797119355262
2019,7,34.1247346649037
2019,8,33.8570143913796
2019,9,33.7201929953392
2019,10,33.7765787591649
2019,11,33.7765787591649
2019,12,33.7765787591649
