Year,Month,Concentration
1986,1,0
1986,2,0
1986,3,0
1986,4,0
1986,5,0
1986,6,0
1986,7,0
1986,8,0
1986,9,0
1986,10,0
1986,11,0
1986,12,0
1987,1,0
1987,2,0
1987,3,0
1987,4,0
1987,5,0
1987,6,0
1987,7,0
1987,8,0
1987,9,0
1987,10,0
1987,11,0
1987,12,0
1988,1,0
1988,2,0
1988,3,0
1988,4,0
1988,5,0
1988,6,0
1988,7,0
1988,8,0
1988,9,0
1988,10,0
1988,11,0
1988,12,0
1989,1,0
1989,2,0
1989,3,0
1989,4,0
1989,5,0
1989,6,0
1989,7,0
1989,8,0
1989,9,0
1989,10,0
1989,11,0
1989,12,0
1990,1,0
1990,2,0
1990,3,0
1990,4,0
1990,5,0
1990,6,0
1990,7,0
1990,8,0
1990,9,0
1990,10,0
1990,11,0
1990,12,0
1991,1,0
1991,2,0
1991,3,0
1991,4,0
1991,5,0
1991,6,0
1991,7,0
1991,8,0
1991,9,0
1991,10,0
1991,11,0
1991,12,0
1992,1,0
1992,2,0
1992,3,0
1992,4,0
1992,5,0
1992,6,0
1992,7,0
1992,8,0
1992,9,0
1992,10,0
1992,11,0
1992,12,0
1993,1,0
1993,2,0
1993,3,0
1993,4,0
1993,5,0
1993,6,0
1993,7,0
1993,8,0
1993,9,0
1993,10,0
1993,11,0
1993,12,0
1994,1,0
1994,2,0
1994,3,0
1994,4,0
1994,5,0
1994,6,0
1994,7,0
1994,8,0
1994,9,0
1994,10,0
1994,11,0
1994,12,0
1995,1,0
1995,2,0
1995,3,0
1995,4,0
1995,5,0
1995,6,0
1995,7,0
1995,8,0
1995,9,0
1995,10,1.54312102549641
1995,11,1.54094282987015
1995,12,1.54399562220365
1996,1,1.56327584078327
1996,2,1.4526576656018
1996,3,1.42766366887985
1996,4,1.43634267107189
1996,5,1.43601049454554
1996,6,1.43933481626879
1996,7,1.44009327887392
1996,8,1.44030987933862
1996,9,1.43867402899402
1996,10,1.44099174969498
1996,11,1.48467932297775
1996,12,1.55846918898041
1997,1,1.64706335415235
1997,2,1.67203529923833
1997,3,1.64038787344919
1997,4,1.53733999059795
1997,5,1.49998634628682
1997,6,1.49759677407648
1997,7,1.49321179603438
1997,8,1.54508604333929
1997,9,1.84514135363587
1997,10,1.84674350479249
1997,11,2.12173793241958
1997,12,1.96380753586964
1998,1,2.0512873204009
1998,2,2.10446491367167
1998,3,1.98623232168893
1998,4,1.92122256364265
1998,5,2.08959999693241
1998,6,2.02291960493884
1998,7,2.35395325555328
1998,8,2.67484366749049
1998,9,10.229251428643
1998,10,17.9022371645108
1998,11,18.0334461173885
1998,12,18.8201661104515
1999,1,19.7020129600109
1999,2,21.3373134655163
1999,3,24.3496120125844
1999,4,29.3037705181953
1999,5,30.3614661556966
1999,6,31.5894992395356
1999,7,31.8104869110512
1999,8,31.7209336688398
1999,9,31.8374669583428
1999,10,30.0371599716033
1999,11,28.3899851257618
1999,12,28.1358654281356
2000,1,26.2897298277289
2000,2,24.2351407111291
2000,3,20.9748881049825
2000,4,18.2404167046053
2000,5,16.8208992691543
2000,6,16.7426920212705
2000,7,16.8996688548493
2000,8,17.0392132464201
2000,9,17.2355390323398
2000,10,17.8549340326329
2000,11,18.0348847087113
2000,12,18.3236180103619
2001,1,18.3118603496706
2001,2,18.3536352316888
2001,3,18.6877831196351
2001,4,18.8675997451037
2001,5,18.9093308789107
2001,6,19.0542480003226
2001,7,18.6874647726031
2001,8,18.0446834444059
2001,9,16.6388746008268
2001,10,16.4403237433763
2001,11,16.3230058200347
2001,12,16.2346245235306
2002,1,15.8806509808388
2002,2,15.384397612432
2002,3,14.602422503064
2002,4,14.2429038675283
2002,5,14.1933399019814
2002,6,14.1664060856956
2002,7,14.0346457862795
2002,8,13.789675772744
2002,9,13.5784129809573
2002,10,13.2528230661959
2002,11,13.0387286887442
2002,12,12.9929369677987
2003,1,12.730728828368
2003,2,12.1490401353885
2003,3,12.1135341791813
2003,4,12.0330717871423
2003,5,11.9770939785422
2003,6,11.9566024023157
2003,7,6.64337329313576
2003,8,4.89039401818897
2003,9,4.91949972936544
2003,10,4.99061806872923
2003,11,4.99388510430642
2003,12,5.0078086779296
2004,1,5.06167179502191
2004,2,5.11615757984541
2004,3,5.2059011979515
2004,4,5.1035400312886
2004,5,5.08772215643515
2004,6,5.16611811916509
2004,7,5.20917781609153
2004,8,5.23340506763725
2004,9,5.26846752783263
2004,10,5.29711086857249
2004,11,5.26533680160665
2004,12,5.27137002921455
2005,1,5.28056840863673
2005,2,5.29207709511579
2005,3,5.29686583674547
2005,4,5.30193169841414
2005,5,5.32774836719876
2005,6,5.31618626362209
2005,7,5.29854556220624
2005,8,5.19421893519037
2005,9,5.11409960245663
2005,10,5.06999878905088
2005,11,5.0642493111833
2005,12,5.09420657571271
2006,1,5.17484216787269
2006,2,5.25325175145945
2006,3,5.34789680877178
2006,4,5.41196834653071
2006,5,5.47335506809789
2006,6,5.49873991632195
2006,7,5.46570371740818
2006,8,5.44625014002326
2006,9,5.44691970952347
2006,10,5.44223081948173
2006,11,5.42363714623595
2006,12,5.33540821063243
2007,1,5.26498347403133
2007,2,5.24482557731336
2007,3,5.11872934574991
2007,4,5.07741283064617
2007,5,5.06637002677581
2007,6,5.06164579539201
2007,7,5.0191369549279
2007,8,4.99723850331365
2007,9,4.98920269765924
2007,10,4.97637102908237
2007,11,4.91847860839444
2007,12,4.90957400419365
2008,1,4.89068692686588
2008,2,4.87182715243288
2008,3,4.87971546950094
2008,4,4.87669015244759
2008,5,4.87346056367345
2008,6,4.86755301827401
2008,7,4.90327756455322
2008,8,4.92165057503655
2008,9,4.95207468477321
2008,10,4.89410315556681
2008,11,4.76580932927057
2008,12,4.73095875754349
2009,1,4.5004269051659
2009,2,4.1644707650827
2009,3,4.05521291894133
2009,4,4.06386818069017
2009,5,4.07344344363665
2009,6,4.09032016809033
2009,7,3.99683560797557
2009,8,3.90526411403355
2009,9,3.83157863071489
2009,10,3.76856426013646
2009,11,3.81169575056106
2009,12,3.84502928469583
2010,1,3.95477106951342
2010,2,3.98503243369449
2010,3,3.93779991083198
2010,4,3.91015659251995
2010,5,3.89946462473812
2010,6,3.90033429223552
2010,7,3.89383787104348
2010,8,3.88713737468589
2010,9,3.9087787052765
2010,10,3.92504818535737
2010,11,3.90971935821974
2010,12,3.88609984567004
2011,1,3.87203789313208
2011,2,3.88716178607851
2011,3,3.86319104767714
2011,4,3.85889964955438
2011,5,3.89575649378909
2011,6,3.58089131005918
2011,7,2.96041927715477
2011,8,2.9281753088861
2011,9,3.12853502878476
2011,10,3.57693232218955
2011,11,3.71176139744289
2011,12,3.7224102822974
2012,1,3.73690670717418
2012,2,3.77660610372448
2012,3,3.81246360152899
2012,4,3.87005904466654
2012,5,3.87128397759748
2012,6,3.87533486129081
2012,7,3.88721839420442
2012,8,3.89799399657239
2012,9,3.91689098162666
2012,10,3.91824498327493
2012,11,3.92883083472374
2012,12,3.91349824381417
2013,1,3.88738764480698
2013,2,3.87013727158177
2013,3,3.86788683027307
2013,4,79.4173208529296
2013,5,154.945183572998
2013,6,159.191795213678
2013,7,160.77947325855
2013,8,167.117350856016
2013,9,180.708979154289
2013,10,181.844487240876
2013,11,593.801168537862
2013,12,597.632920967146
2014,1,602.335731453917
2014,2,607.025732815977
2014,3,607.203057554954
2014,4,602.506685174774
2014,5,605.820524054296
2014,6,615.783171917104
2014,7,617.052973628578
2014,8,606.245742392278
2014,9,607.915687890791
2014,10,626.481295015379
2014,11,627.947968375208
2014,12,629.970336793051
2015,1,627.430364521944
2015,2,632.442703865986
2015,3,635.788008654427
2015,4,633.967983432414
2015,5,631.08326751168
2015,6,632.78556411566
2015,7,645.097048833802
2015,8,642.251686436236
2015,9,647.621899398645
2015,10,653.139030436946
2015,11,655.572956462535
2015,12,653.001637043004
2016,1,640.005618850388
2016,2,640.19180878808
2016,3,637.220066324389
2016,4,641.169343847244
2016,5,648.265564926319
2016,6,640.804979999017
2016,7,627.869464922805
2016,8,615.494840311512
2016,9,613.181693601879
2016,10,616.825165615668
2016,11,619.605027374324
2016,12,618.165389434318
2017,1,610.163157449589
2017,2,605.785822858782
2017,3,618.941650519511
2017,4,621.937304188292
2017,5,630.120539954867
2017,6,636.714013797649
2017,7,627.959277753804
2017,8,616.877031862646
2017,9,608.674485579697
2017,10,604.30611419884
2017,11,602.434170684735
2017,12,602.324862474148
2018,1,603.660039160137
2018,2,603.617849024714
2018,3,604.841239502168
2018,4,608.237659029361
2018,5,608.636958531547
2018,6,610.371112171472
2018,7,614.460098942909
2018,8,621.063357300369
2018,9,615.722183863219
2018,10,612.564934154005
2018,11,611.754246517583
2018,12,608.857673943107
2019,1,604.572180592197
2019,2,601.185249690626
2019,3,602.517148461791
2019,4,603.916960648893
2019,5,603.687818572976
2019,6,603.715971245171
2019,7,603.707099778924
2019,8,603.791487670816
2019,9,603.996777337191
2019,10,604.07470889775
2019,11,604.07470889775
2019,12,604.07470889775
