Year,Month,Concentration
1986,1,0
1986,2,0
1986,3,0
1986,4,0
1986,5,0
1986,6,0
1986,7,0
1986,8,0
1986,9,0
1986,10,0
1986,11,0
1986,12,0
1987,1,0
1987,2,0
1987,3,0
1987,4,0
1987,5,0
1987,6,0
1987,7,0
1987,8,0
1987,9,0
1987,10,0
1987,11,0
1987,12,0
1988,1,0
1988,2,0
1988,3,0
1988,4,0
1988,5,0
1988,6,0
1988,7,0
1988,8,0
1988,9,0
1988,10,0
1988,11,0
1988,12,0
1989,1,0
1989,2,0
1989,3,0
1989,4,0
1989,5,0
1989,6,0
1989,7,0
1989,8,0
1989,9,0
1989,10,0
1989,11,0
1989,12,0
1990,1,0
1990,2,0
1990,3,0
1990,4,0
1990,5,0
1990,6,0
1990,7,0
1990,8,0
1990,9,0
1990,10,0
1990,11,0
1990,12,0
1991,1,0
1991,2,0
1991,3,0
1991,4,0
1991,5,0
1991,6,0
1991,7,0
1991,8,0
1991,9,0
1991,10,0
1991,11,0
1991,12,0
1992,1,0
1992,2,0
1992,3,0
1992,4,0
1992,5,0
1992,6,0
1992,7,0
1992,8,0
1992,9,0
1992,10,0
1992,11,0
1992,12,0
1993,1,0
1993,2,0
1993,3,0
1993,4,0
1993,5,0
1993,6,0
1993,7,0
1993,8,0
1993,9,0
1993,10,0
1993,11,0
1993,12,0
1994,1,0
1994,2,0
1994,3,0
1994,4,0
1994,5,0
1994,6,0
1994,7,0
1994,8,0
1994,9,0
1994,10,0
1994,11,0
1994,12,0
1995,1,0
1995,2,0
1995,3,0
1995,4,0
1995,5,0
1995,6,0
1995,7,0
1995,8,0
1995,9,0
1995,10,0
1995,11,0
1995,12,0
1996,1,0
1996,2,0
1996,3,0
1996,4,0
1996,5,0
1996,6,0
1996,7,0
1996,8,0
1996,9,0
1996,10,0
1996,11,0
1996,12,0
1997,1,0
1997,2,0
1997,3,0
1997,4,0
1997,5,0
1997,6,0
1997,7,0
1997,8,0
1997,9,0
1997,10,0
1997,11,0
1997,12,0
1998,1,0
1998,2,0
1998,3,0
1998,4,0
1998,5,0
1998,6,0
1998,7,516.91796908427
1998,8,647.292490062659
1998,9,648.840669706448
1998,10,649.675845031524
1998,11,649.947305776088
1998,12,649.95064266274
1999,1,649.901302707168
1999,2,649.877068143434
1999,3,652.355521450911
1999,4,653.224359527125
1999,5,652.587249908222
1999,6,652.317069182805
1999,7,655.757987194427
1999,8,661.395235317181
1999,9,663.508568010801
1999,10,665.33221952099
1999,11,666.210266541424
1999,12,666.29548442641
2000,1,666.557267392928
2000,2,666.778777126544
2000,3,666.673725647706
2000,4,666.651802994259
2000,5,666.567697089977
2000,6,666.891378813661
2000,7,666.694803078615
2000,8,667.266166642075
2000,9,667.171698521956
2000,10,666.817290460783
2000,11,666.554408824102
2000,12,666.002789692064
2001,1,665.903102436763
2001,2,666.488393971776
2001,3,668.10591316325
2001,4,669.009928633303
2001,5,669.288569277218
2001,6,669.644165304367
2001,7,669.887973083405
2001,8,668.177566856882
2001,9,666.645827359357
2001,10,666.377503390206
2001,11,666.058985156788
2001,12,665.096087595586
2002,1,664.414800908775
2002,2,664.122123203805
2002,3,663.977522617966
2002,4,664.353753224551
2002,5,663.763292784296
2002,6,664.59278804298
2002,7,670.424215335205
2002,8,687.140179930595
2002,9,688.557443572201
2002,10,688.745776815404
2002,11,686.832056545251
2002,12,687.020030724756
2003,1,690.594840699564
2003,2,693.193622134888
2003,3,699.459240077956
2003,4,711.829926504354
2003,5,720.702617296127
2003,6,724.165619743439
2003,7,728.82890018112
2003,8,735.005675082705
2003,9,735.813048112449
2003,10,735.812519240175
2003,11,736.191590913538
2003,12,736.546995397859
2004,1,736.614751323248
2004,2,735.581760896052
2004,3,735.463397206788
2004,4,733.858747664044
2004,5,732.875657942888
2004,6,732.657627560349
2004,7,733.652826361933
2004,8,733.287334044365
2004,9,733.369999260264
2004,10,733.568709234229
2004,11,734.668617641156
2004,12,734.754965056278
2005,1,735.441830218037
2005,2,735.551142914623
2005,3,735.077875820246
2005,4,734.848909830915
2005,5,735.389778227982
2005,6,735.647066523136
2005,7,737.127368865246
2005,8,739.448333527132
2005,9,739.971357093487
2005,10,740.28251734189
2005,11,742.328923791804
2005,12,745.189119014101
2006,1,746.58039522548
2006,2,748.169948671784
2006,3,748.975506968145
2006,4,748.956034207141
2006,5,748.986809529983
2006,6,746.335105033668
2006,7,749.490943889165
2006,8,753.203318871633
2006,9,758.043958533625
2006,10,760.82165470185
2006,11,762.07011058334
2006,12,762.435513565578
2007,1,763.026120329441
2007,2,763.035557911724
2007,3,763.497176234914
2007,4,763.58494949991
2007,5,767.107603510361
2007,6,768.89284702884
2007,7,770.766214563828
2007,8,772.978980482333
2007,9,776.929708860168
2007,10,778.325942295353
2007,11,779.753158780588
2007,12,781.362485071508
2008,1,782.05247885253
2008,2,782.929182593221
2008,3,783.851843109003
2008,4,785.071497908463
2008,5,787.087294498798
2008,6,787.063816972466
2008,7,787.592980518218
2008,8,788.148864662474
2008,9,788.251401318637
2008,10,789.129506239275
2008,11,790.225468727739
2008,12,790.015715926753
2009,1,788.999444804577
2009,2,789.284840933309
2009,3,790.770979044803
2009,4,791.311941876982
2009,5,791.431516761752
2009,6,791.264603803265
2009,7,791.208378563163
2009,8,790.675317454703
2009,9,790.829712293672
2009,10,791.034955897758
2009,11,790.845229953609
2009,12,790.025538727349
2010,1,792.072229611187
2010,2,794.007509002251
2010,3,795.183567006208
2010,4,796.39240202392
2010,5,797.552567444667
2010,6,800.24811060515
2010,7,801.734648862238
2010,8,803.437367071219
2010,9,804.841682039451
2010,10,806.287734444812
2010,11,808.607605998242
2010,12,810.291921899261
2011,1,811.045568282955
2011,2,813.556318788892
2011,3,818.938614024192
2011,4,825.339254191166
2011,5,826.979903918761
2011,6,830.227495110784
2011,7,832.926686165344
2011,8,836.21204677157
2011,9,837.136987933706
2011,10,837.363232765478
2011,11,837.311715630826
2011,12,838.090593343153
2012,1,839.785752696084
2012,2,840.08184580757
2012,3,840.349081195167
2012,4,840.87299047016
2012,5,842.230458580827
2012,6,842.494453902797
2012,7,842.465481705585
2012,8,842.904459148465
2012,9,843.416052126432
2012,10,844.12955357336
2012,11,846.327691917586
2012,12,846.640407653946
2013,1,846.821361588329
2013,2,847.860092878284
2013,3,848.909738841488
2013,4,850.164920417257
2013,5,854.695868949536
2013,6,856.960197910381
2013,7,856.825344458092
2013,8,856.64999048679
2013,9,856.81331234416
2013,10,856.971515920467
2013,11,857.742170191241
2013,12,859.088003014697
2014,1,859.30599888309
2014,2,861.001267911145
2014,3,862.924528414729
2014,4,863.196524660373
2014,5,863.776871763206
2014,6,864.291322981233
2014,7,864.612471341223
2014,8,865.298341229364
2014,9,868.972502805565
2014,10,879.003819522353
2014,11,886.631457946371
2014,12,889.290535234251
2015,1,887.091428090816
2015,2,880.593879256318
2015,3,877.944443903138
2015,4,877.412518102938
2015,5,878.296186253147
2015,6,878.816556365524
2015,7,878.959410093217
2015,8,887.455984226496
2015,9,886.609633776485
2015,10,886.752865972997
2015,11,886.135827364955
2015,12,882.552349553664
2016,1,866.470369412269
2016,2,849.195372941715
2016,3,829.891977188126
2016,4,828.949146742208
2016,5,824.911620721102
2016,6,821.747693468499
2016,7,814.484131349301
2016,8,798.761914036172
2016,9,778.40018553435
2016,10,777.585482377598
2016,11,773.474790139065
2016,12,769.575225662552
2017,1,762.739006695639
2017,2,755.777939991305
2017,3,752.707245495906
2017,4,747.322631532509
2017,5,746.508922941462
2017,6,746.353531249625
2017,7,745.831180212526
2017,8,745.317317524788
2017,9,745.887984962731
2017,10,745.592090480498
2017,11,745.288034190207
2017,12,745.163611256956
