Year,Month,Concentration
1986,1,34.3129935178241
1986,2,34.3129935178241
1986,3,34.3129935178241
1986,4,34.3129935178241
1986,5,34.3129935178241
1986,6,34.3142456546789
1986,7,34.3180020652433
1986,8,34.3180020652433
1986,9,34.3180020652433
1986,10,34.3180020652433
1986,11,34.3180020652433
1986,12,34.3180020652433
1987,1,34.3180020652433
1987,2,34.3180020652433
1987,3,34.3180020652433
1987,4,34.3180020652433
1987,5,34.3151337437073
1987,6,34.3142241890996
1987,7,34.3108223622566
1987,8,34.297215054885
1987,9,34.3365669638363
1987,10,34.34968426682
1987,11,34.34968426682
1987,12,34.34968426682
1988,1,34.3368786692097
1988,2,34.3283416041361
1988,3,34.3283416041361
1988,4,34.3235690749956
1988,5,34.3203873889019
1988,6,34.3203873889019
1988,7,34.3203873889019
1988,8,34.333660532352
1988,9,34.3469336758021
1988,10,34.3469336758021
1988,11,34.3469336758021
1988,12,34.3473954210698
1989,1,34.3434558249137
1989,2,34.3434558249137
1989,3,34.345116134492
1989,4,34.3470941749766
1989,5,34.3470941749766
1989,6,34.3463928282489
1989,7,34.3413290497955
1989,8,34.3507949027681
1989,9,34.3507949027681
1989,10,34.3433896212687
1989,11,34.3431149636173
1989,12,34.3431149636173
1990,1,34.3431149636173
1990,2,34.3145822474396
1990,3,34.3145822474396
1990,4,34.2296116296588
1990,5,34.1954155314263
1990,6,34.1954155314263
1990,7,34.1949932992069
1990,8,34.1580617013622
1990,9,34.1580617013622
1990,10,34.163045305241
1990,11,34.1751248475335
1990,12,34.17984156462
1991,1,34.0546974376047
1991,2,33.8010248553168
1991,3,33.8010248553168
1991,4,33.8010248553168
1991,5,33.7442560408514
1991,6,33.7316365147173
1991,7,33.6853658050184
1991,8,33.4793793885793
1991,9,33.4510135328662
1991,10,33.3988179752914
1991,11,33.0608311458503
1991,12,33.0492334623861
1992,1,32.996425604023
1992,2,32.8392425160938
1992,3,32.8076415660018
1992,4,32.7116112855106
1992,5,32.4097520466899
1992,6,32.3463084725608
1992,7,32.3484697559621
1992,8,32.2958294232109
1992,9,32.2772020039265
1992,10,32.2641293320087
1992,11,32.1725884125686
1992,12,32.1042120251168
1993,1,32.102786507977
1993,2,31.9585216817584
1993,3,31.8858806481053
1993,4,31.8673040807927
1993,5,31.847120101373
1993,6,31.838075622305
1993,7,31.7706712092503
1993,8,31.7388265503011
1993,9,31.7473409121893
1993,10,31.7473409121893
1993,11,31.7473409121893
1993,12,31.7473409121893
1994,1,31.7420502307959
1994,2,31.7261781866156
1994,3,31.7028742438637
1994,4,31.6795703011118
1994,5,31.6795703011118
1994,6,31.6748030509545
1994,7,31.6837456306603
1994,8,31.6837456306603
1994,9,31.6885930376559
1994,10,31.7334004048108
1994,11,31.7976696837693
1994,12,31.8652417501955
1995,1,31.8657336157772
1995,2,31.8672092125224
1995,3,31.7950152146212
1995,4,31.8453400891673
1995,5,32.3175791164674
1995,6,32.3236185279084
1995,7,32.3251283807686
1995,8,32.3251283807686
1995,9,32.3943303341857
1995,10,32.5108168869589
1995,11,32.5429128091697
1995,12,32.6149482042074
1996,1,32.6633412918275
1996,2,32.723331581944
1996,3,32.8248093183036
1996,4,32.844524390457
1996,5,32.8449355998187
1996,6,32.8517035406871
1996,7,32.8750420847384
1996,8,32.875290983421
1996,9,32.9054313605967
1996,10,32.930851690394
1996,11,32.8931840227466
1996,12,32.8188182923338
1997,1,32.7663162401137
1997,2,32.6984787209659
1997,3,32.660485645653
1997,4,32.6428035539824
1997,5,32.6511018984809
1997,6,32.6605522125525
1997,7,32.6004819112264
1997,8,32.6254617943614
1997,9,32.4622781953707
1997,10,32.1326172299221
1997,11,31.4502965595466
1997,12,31.2623564820027
1998,1,31.2496137539912
1998,2,31.2180418811918
1998,3,31.2034319250788
1998,4,31.194235702082
1998,5,31.1745961517566
1998,6,31.1851984886815
1998,7,31.2286165718184
1998,8,31.2818956653715
1998,9,31.6181197423261
1998,10,32.4016433728226
1998,11,32.6792435801878
1998,12,33.0254801991805
1999,1,33.2518501927231
1999,2,33.8746153693332
1999,3,34.3885637672373
1999,4,34.6256005504984
1999,5,34.667588782446
1999,6,34.8289106108574
1999,7,34.8459395150254
1999,8,2593.20074018573
1999,9,2587.5524540699
1999,10,2584.61002072037
1999,11,2585.17617770497
1999,12,2586.01705922647
2000,1,2575.5218603253
2000,2,2563.84025370584
2000,3,2555.05477624663
2000,4,2563.02938904047
2000,5,2557.6067904692
2000,6,2514.04061262809
2000,7,2501.02421216348
2000,8,2490.22724446982
2000,9,2469.86048075154
2000,10,2463.46897318431
2000,11,2466.46457793006
2000,12,2426.20649947349
2001,1,2417.36839434785
2001,2,2423.82103270159
2001,3,2424.95887850615
2001,4,2406.82709478146
2001,5,2381.97154316642
2001,6,2371.98611171112
2001,7,2348.86164364684
2001,8,2329.63402237378
2001,9,2306.87960499431
2001,10,2249.6031343427
2001,11,2191.36727010949
2001,12,2142.58714842213
2002,1,2122.94407058213
2002,2,2098.27913253618
2002,3,2078.54572456732
2002,4,2062.0394798287
2002,5,2037.1557132519
2002,6,1999.72429777743
2002,7,1973.62621035205
2002,8,1958.57827784259
2002,9,1968.84367157699
2002,10,1978.93685086141
2002,11,1975.15139798082
2002,12,1962.61959159824
2003,1,1968.5053589545
2003,2,1968.01950945513
2003,3,1968.60362283428
2003,4,1973.04302151979
2003,5,1966.55996710602
2003,6,1965.43414140132
2003,7,1966.97712428225
2003,8,1966.88569332577
2003,9,1964.46232482575
2003,10,1965.52459215994
2003,11,1970.39165168935
2003,12,1968.45887311891
2004,1,1961.36772173394
2004,2,1956.39084358994
2004,3,1955.85451827452
2004,4,1956.77486823856
2004,5,1956.73160685689
2004,6,1955.49272734898
2004,7,1955.87929823757
2004,8,1956.2665235325
2004,9,1957.66806676455
2004,10,1959.22344823968
2004,11,1959.90841141218
2004,12,1962.14288945235
2005,1,1963.53192788087
2005,2,1968.34128076111
2005,3,1968.1527557594
2005,4,1969.62772032124
2005,5,1968.39952107849
2005,6,1965.15139392632
2005,7,1965.04417197875
2005,8,1962.90381015877
2005,9,1961.04092400312
2005,10,1961.57270973586
2005,11,1960.67248137497
2005,12,1954.54162206551
2006,1,1942.68306204817
2006,2,1866.75744282926
2006,3,1768.09021920883
2006,4,1665.80298130977
2006,5,1646.48062139019
2006,6,1576.05702731498
2006,7,1547.03873769831
2006,8,1506.55827093197
2006,9,1209.74533780891
2006,10,776.726741279922
2006,11,779.705655953907
2006,12,780.080509547867
2007,1,779.206107672914
2007,2,773.842588930151
2007,3,750.142160367418
2007,4,723.686902464832
2007,5,718.122530630012
2007,6,704.224910552796
2007,7,685.324910957656
2007,8,634.958539167893
2007,9,607.619573532484
2007,10,592.538484471582
2007,11,582.042222143891
2007,12,574.414375785405
2008,1,561.740581340705
2008,2,549.07248164373
2008,3,548.516896743459
2008,4,549.512495795904
2008,5,546.434054876377
2008,6,540.537446029587
2008,7,504.403108755249
2008,8,454.261753803229
2008,9,405.573717958427
2008,10,405.133163736488
2008,11,402.683177753919
2008,12,398.144715213125
2009,1,388.683836796271
2009,2,385.796043166456
2009,3,383.31729074756
2009,4,382.03101406563
2009,5,379.914210035307
2009,6,370.028624229453
2009,7,364.53134333434
2009,8,358.792108332618
2009,9,350.482270125644
2009,10,346.291739150347
2009,11,342.529027975861
2009,12,341.914876312104
2010,1,341.75628612439
2010,2,341.370666131587
2010,3,348.219754976829
2010,4,349.135833290956
2010,5,349.141093406198
2010,6,351.906642765111
2010,7,355.281703095967
2010,8,356.447981808808
2010,9,357.618319972902
2010,10,358.404965990695
2010,11,358.652034566633
2010,12,358.575573434901
2011,1,357.036342195641
2011,2,353.195453209739
2011,3,347.523345902395
2011,4,340.884591943039
2011,5,340.486926778549
2011,6,340.314375762554
2011,7,340.108003709608
2011,8,340.068537559397
2011,9,339.454586910047
2011,10,336.571921456194
2011,11,336.529543924493
2011,12,336.464961732019
2012,1,336.508060041548
2012,2,336.608291996369
2012,3,336.610669588748
2012,4,337.241982252211
2012,5,339.290944263775
2012,6,339.048552873656
2012,7,338.786604393073
2012,8,338.34530971223
2012,9,336.190058986076
2012,10,335.78022229881
2012,11,335.776450075804
2012,12,273.584244616212
2013,1,289.517827637258
2013,2,341.25435555528
2013,3,327.941318189432
2013,4,307.716252908706
2013,5,341.39125515054
2013,6,342.07211783107
2013,7,342.476064942749
2013,8,342.593791107017
2013,9,342.718109483705
2013,10,341.806069189372
2013,11,341.940299171392
2013,12,274.528983239297
2014,1,272.304326004255
2014,2,274.347970658717
2014,3,276.906783981072
2014,4,277.041663021875
2014,5,277.957509552236
2014,6,278.19505853523
2014,7,278.457451956567
2014,8,278.541423464525
2014,9,278.579955834417
2014,10,278.601250166784
2014,11,278.661337744567
2014,12,278.705454044478
2015,1,278.75480623468
2015,2,277.12288746528
2015,3,277.137186838328
2015,4,278.620133898203
2015,5,278.648509538981
2015,6,278.302118576136
2015,7,277.801370780428
2015,8,277.947109439768
2015,9,277.941406178219
2015,10,277.942443936585
2015,11,277.966320588835
2015,12,276.408826714668
2016,1,274.107435963266
2016,2,275.378173283444
2016,3,277.605133038546
2016,4,277.598132934271
2016,5,277.560843399932
2016,6,277.465524472499
2016,7,277.429387846576
2016,8,277.222017246909
2016,9,276.689946155059
2016,10,276.59130508503
2016,11,276.479070543538
2016,12,276.414247539214
2017,1,275.457570746086
2017,2,273.81149527542
2017,3,273.809295719645
2017,4,274.915565295703
2017,5,275.808141091655
2017,6,275.549931913099
2017,7,275.51157424037
2017,8,275.28399175466
2017,9,274.786582659755
2017,10,274.59400242249
2017,11,274.480094539807
2017,12,273.989312237066
