Year,Month,Concentration
1986,1,0
1986,2,0
1986,3,0
1986,4,0
1986,5,0
1986,6,0
1986,7,0
1986,8,0
1986,9,0
1986,10,0
1986,11,0
1986,12,0
1987,1,0
1987,2,0
1987,3,0
1987,4,0
1987,5,0
1987,6,0
1987,7,0
1987,8,0
1987,9,0
1987,10,0
1987,11,0
1987,12,0
1988,1,0
1988,2,0
1988,3,0
1988,4,0
1988,5,0
1988,6,0
1988,7,0
1988,8,0
1988,9,0
1988,10,0
1988,11,0
1988,12,0
1989,1,0
1989,2,0
1989,3,0
1989,4,0
1989,5,0
1989,6,0
1989,7,0
1989,8,0
1989,9,0
1989,10,0
1989,11,0
1989,12,0
1990,1,0
1990,2,0
1990,3,0
1990,4,0
1990,5,0
1990,6,0
1990,7,0
1990,8,0
1990,9,0
1990,10,0
1990,11,0
1990,12,0
1991,1,0
1991,2,0
1991,3,0
1991,4,0
1991,5,0
1991,6,0
1991,7,0
1991,8,0
1991,9,0
1991,10,0
1991,11,0
1991,12,0
1992,1,0
1992,2,0
1992,3,0
1992,4,0
1992,5,0
1992,6,0
1992,7,0
1992,8,0
1992,9,0
1992,10,0
1992,11,0
1992,12,0
1993,1,0
1993,2,0
1993,3,0
1993,4,0
1993,5,0
1993,6,0
1993,7,0
1993,8,0
1993,9,0
1993,10,0
1993,11,0
1993,12,0
1994,1,0
1994,2,0
1994,3,0
1994,4,0
1994,5,0
1994,6,0
1994,7,0
1994,8,0
1994,9,0
1994,10,0
1994,11,0
1994,12,0
1995,1,0
1995,2,0
1995,3,0
1995,4,0
1995,5,0
1995,6,0
1995,7,0
1995,8,0
1995,9,0
1995,10,0
1995,11,0
1995,12,0
1996,1,0
1996,2,0
1996,3,0
1996,4,0
1996,5,0
1996,6,0
1996,7,0
1996,8,0
1996,9,0
1996,10,0
1996,11,0
1996,12,0
1997,1,0
1997,2,0
1997,3,0
1997,4,0
1997,5,0
1997,6,0
1997,7,0
1997,8,0
1997,9,0
1997,10,0
1997,11,0
1997,12,0
1998,1,0
1998,2,0
1998,3,0
1998,4,0
1998,5,0
1998,6,0
1998,7,0
1998,8,0
1998,9,0
1998,10,0
1998,11,0
1998,12,0
1999,1,0
1999,2,0
1999,3,0
1999,4,0
1999,5,0
1999,6,0
1999,7,0
1999,8,0
1999,9,0
1999,10,0
1999,11,0
1999,12,0
2000,1,0
2000,2,0
2000,3,0
2000,4,0
2000,5,0
2000,6,0
2000,7,0
2000,8,0
2000,9,0
2000,10,0
2000,11,0
2000,12,0
2001,1,0
2001,2,0
2001,3,0
2001,4,0
2001,5,1.60897184282314
2001,6,2.14289477541248
2001,7,2.14421655028189
2001,8,2.11761855502332
2001,9,2.11970134772456
2001,10,2.16147606477271
2001,11,2.16523998596753
2001,12,2.17007963436629
2002,1,2.17520127680445
2002,2,2.17723235567621
2002,3,2.17838139038963
2002,4,2.18296941573555
2002,5,2.19658933760263
2002,6,2.20433459002215
2002,7,2.21081713251865
2002,8,2.21969529760113
2002,9,2.22143897792894
2002,10,2.22448905168308
2002,11,2.22974992022141
2002,12,2.23582885909311
2003,1,2.25000012219793
2003,2,2.26066838851467
2003,3,2.25732990037141
2003,4,2.2522704406297
2003,5,2.24546555751247
2003,6,2.24645439185819
2003,7,2.24564280911422
2003,8,2.2435551869175
2003,9,2.2414088036239
2003,10,2.23731097404783
2003,11,2.23236891787521
2003,12,2.22284016667858
2004,1,2.21558752934789
2004,2,2.2099526129695
2004,3,2.20426897351553
2004,4,2.19942171831597
2004,5,2.19861422365337
2004,6,2.20162002199475
2004,7,2.20816570903769
2004,8,2.2117498399807
2004,9,2.22634526170418
2004,10,2.16439263741161
2004,11,2.12729845286177
2004,12,2.12690794786151
2005,1,2.12827633014818
2005,2,2.1287351338169
2005,3,2.13203332165603
2005,4,2.13991634134586
2005,5,2.14867827132812
2005,6,2.16372129282362
2005,7,2.17206536804687
2005,8,2.17806486808092
2005,9,2.16924922188932
2005,10,2.16720104892272
2005,11,2.20530673959235
2005,12,2.24230548469864
2006,1,2.26692038752106
2006,2,2.31627877368065
2006,3,2.39573810971355
2006,4,2.50311402500749
2006,5,2.91894105375713
2006,6,2.99572702686182
2006,7,3.05192037816932
2006,8,3.06717162654396
2006,9,3.12002599532865
2006,10,3.16269246648893
2006,11,3.18119578451342
2006,12,3.1770239683262
2007,1,3.17765910558473
2007,2,3.17728884603143
2007,3,3.17724796848245
2007,4,3.18007103490846
2007,5,3.18577430032553
2007,6,3.19178707008844
2007,7,3.19885711442933
2007,8,3.2093223295162
2007,9,3.21612788507614
2007,10,3.22139450425245
2007,11,3.21889328826239
2007,12,3.21701644004694
2008,1,3.21817624712117
2008,2,3.21721695904323
2008,3,3.21512222773041
2008,4,3.21215783292219
2008,5,3.20843189965548
2008,6,3.20047928579949
2008,7,3.19631246301052
2008,8,3.18861685387034
2008,9,3.17488494986018
2008,10,3.1653965984512
2008,11,3.15999083860894
2008,12,3.14982823640114
2009,1,3.14015703170742
2009,2,3.13590844850701
2009,3,3.13532737172972
2009,4,3.13431835712302
2009,5,3.13397819366149
2009,6,3.12081715804657
2009,7,3.10859594001537
2009,8,3.10482635842762
2009,9,3.09684298026895
2009,10,3.09641483404859
2009,11,3.09272953243167
2009,12,3.08476274096385
2010,1,3.07987226415865
2010,2,3.0745223806648
2010,3,3.07377634746288
2010,4,3.07401894651908
2010,5,3.07338173908965
2010,6,3.07258353577991
2010,7,3.0726155993668
2010,8,3.06557439669509
2010,9,3.07052963152639
2010,10,3.07491795679803
2010,11,3.0720687474746
2010,12,3.07145308093805
2011,1,3.07161204433267
2011,2,3.07140620815547
2011,3,3.06640537322759
2011,4,3.0659314824946
2011,5,3.06299691219266
2011,6,3.06244138689462
2011,7,3.0619001643562
2011,8,3.06121316512553
2011,9,3.06033108498214
2011,10,3.05981082736612
2011,11,3.0608415328025
2011,12,3.06069094869614
2012,1,3.06131386620843
2012,2,3.08391850515751
2012,3,3.0900901593373
2012,4,3.10036037722452
2012,5,3.10179829718314
2012,6,3.10962534829996
2012,7,3.11501466659782
2012,8,3.12079975626695
2012,9,3.13954368551165
2012,10,3.1389131462217
2012,11,3.14058806606366
2012,12,3.14263597178686
2013,1,3.14241313605585
2013,2,3.14339638846121
2013,3,3.15148452592493
2013,4,3.15486245949344
2013,5,3.15370462223276
2013,6,3.15345458206393
2013,7,3.15327052163484
2013,8,3.15448808926699
2013,9,3.15422646753267
2013,10,3.15192461732508
2013,11,3.15291815389564
2013,12,3.14980849241928
2014,1,3.14287926202589
2014,2,3.14418510729547
2014,3,3.12576945760035
2014,4,3.11859247608914
2014,5,3.11151388321696
2014,6,3.10568652924056
2014,7,3.09377102009278
2014,8,3.08645755823908
2014,9,3.07147380827781
2014,10,3.04442420864373
2014,11,3.03033130649335
2014,12,3.02715922192367
2015,1,3.0267652975389
2015,2,3.02123210054274
2015,3,3.01890720680738
2015,4,3.01532034319546
2015,5,3.02412276934071
2015,6,3.0236518185094
2015,7,3.01068223152739
2015,8,2.99404847171897
2015,9,2.99407850341534
2015,10,2.99514222286627
2015,11,2.99992880202121
2015,12,3.00103295601406
2016,1,3.00005216487642
2016,2,2.99565358987153
2016,3,3.00325195074541
2016,4,3.01885122723561
2016,5,3.02775239092164
2016,6,3.02697396899868
2016,7,3.02755551281943
2016,8,3.02607711107754
2016,9,3.02556916126945
2016,10,3.02662878793129
2016,11,3.02138684123951
2016,12,3.02788671624348
2017,1,3.04571416300221
2017,2,3.04756816026148
2017,3,3.05164780871903
2017,4,3.05625003971045
2017,5,3.05727889689568
2017,6,3.05873601108018
2017,7,3.06382045457077
2017,8,3.05021148552639
2017,9,3.04591357898587
2017,10,3.04560178044476
2017,11,3.04532589589312
2017,12,3.05046787227111
2018,1,3.04935561623503
2018,2,3.04925671701193
2018,3,3.05120766232347
2018,4,3.05267515124367
2018,5,3.05384791095984
2018,6,3.05257781728276
2018,7,3.05329280624002
2018,8,3.05465763033961
2018,9,3.05474369236939
2018,10,3.05588875694246
2018,11,3.05602017541797
2018,12,3.05532149612095
2019,1,3.05366028496039
2019,2,3.05055080024687
2019,3,3.04729471020838
2019,4,3.04585196875437
2019,5,3.04676164304093
2019,6,3.05207943792776
2019,7,3.05588725675339
2019,8,3.06534553636996
2019,9,3.0729795591693
2019,10,3.07696295958797
2019,11,3.08693570586744
2019,12,3.08960491938224
