Year,Month,Concentration
1986,1,0
1986,2,0
1986,3,0
1986,4,0
1986,5,0
1986,6,0
1986,7,0
1986,8,0
1986,9,0
1986,10,0
1986,11,0
1986,12,0
1987,1,0
1987,2,0
1987,3,0
1987,4,0
1987,5,0
1987,6,0
1987,7,0
1987,8,0
1987,9,0
1987,10,0
1987,11,0
1987,12,0
1988,1,0
1988,2,0
1988,3,0
1988,4,0
1988,5,0
1988,6,0
1988,7,0
1988,8,0
1988,9,0
1988,10,0
1988,11,0
1988,12,0
1989,1,0
1989,2,0
1989,3,0
1989,4,0
1989,5,0
1989,6,0
1989,7,0
1989,8,0
1989,9,0
1989,10,0
1989,11,0
1989,12,0
1990,1,0
1990,2,0
1990,3,0
1990,4,0
1990,5,0
1990,6,0
1990,7,0
1990,8,0
1990,9,0
1990,10,0
1990,11,0
1990,12,0
1991,1,0
1991,2,0
1991,3,0
1991,4,0
1991,5,0
1991,6,0
1991,7,0
1991,8,0
1991,9,0
1991,10,0
1991,11,0
1991,12,0
1992,1,0
1992,2,0
1992,3,0
1992,4,0
1992,5,0
1992,6,0
1992,7,0
1992,8,0
1992,9,0
1992,10,0
1992,11,0
1992,12,0
1993,1,0
1993,2,0
1993,3,0
1993,4,0
1993,5,0
1993,6,0
1993,7,0
1993,8,0
1993,9,0
1993,10,0
1993,11,0
1993,12,0
1994,1,0
1994,2,0
1994,3,0
1994,4,0
1994,5,0
1994,6,0
1994,7,0
1994,8,0
1994,9,0
1994,10,0
1994,11,0
1994,12,0
1995,1,0
1995,2,0
1995,3,0
1995,4,0
1995,5,0
1995,6,0
1995,7,0
1995,8,0
1995,9,3.22843548194376
1995,10,16.0878368093483
1995,11,16.0740027517823
1995,12,16.0812735404886
1996,1,16.0176536544316
1996,2,16.0192091512042
1996,3,16.0253511263186
1996,4,16.0360433047022
1996,5,16.0351416209173
1996,6,16.0232094220424
1996,7,16.0231967005089
1996,8,16.0254046498539
1996,9,16.0528910654669
1996,10,16.0564562602476
1996,11,16.0467119839646
1996,12,16.0404596739353
1997,1,16.0577774165893
1997,2,16.0895790435376
1997,3,16.1164553720538
1997,4,16.1275445561595
1997,5,16.1004842167859
1997,6,16.1326512440147
1997,7,16.1199046633782
1997,8,16.064204622413
1997,9,15.9062866449875
1997,10,15.430466583349
1997,11,14.4519253636613
1997,12,14.0054675174743
1998,1,13.5168753961234
1998,2,13.3930763924124
1998,3,13.4668915864677
1998,4,13.5638180630393
1998,5,13.6696481133084
1998,6,13.8913580866097
1998,7,14.2708303405341
1998,8,14.5016458717923
1998,9,14.7916304035999
1998,10,14.9821641662001
1998,11,15.0988783981258
1998,12,15.3145287367065
1999,1,15.6608633639239
1999,2,16.1539748163917
1999,3,17.0435412515439
1999,4,19.777848855108
1999,5,24.9035804126752
1999,6,26.3262417556877
1999,7,29.8893585405643
1999,8,31.989144584415
1999,9,40.0611172200267
1999,10,43.6327993080122
1999,11,44.4752991578443
1999,12,44.7852009188286
2000,1,45.1343103686533
2000,2,45.1268286810988
2000,3,45.5794917602539
2000,4,47.9458733285712
2000,5,51.8435689359202
2000,6,52.7005736703041
2000,7,53.5396396308288
2000,8,53.758452854882
2000,9,53.9722424800255
2000,10,54.0208643681837
2000,11,53.8150290411197
2000,12,53.3870782263888
2001,1,52.0403950910545
2001,2,52.0089300994741
2001,3,52.2569246986446
2001,4,52.1015310412936
2001,5,52.1698154071286
2001,6,97.5520685623656
2001,7,127.902680073126
2001,8,127.901287618383
2001,9,128.181061475859
2001,10,128.123726159906
2001,11,127.98630052268
2001,12,127.637859857368
2002,1,127.040943888683
2002,2,126.420355370767
2002,3,126.572641290857
2002,4,126.750864811631
2002,5,127.1158073447
2002,6,130.582742033524
2002,7,135.367793420457
2002,8,140.779324072855
2002,9,141.610852472061
2002,10,142.287365665946
2002,11,142.682301082723
2002,12,143.07158731273
2003,1,143.474357512002
2003,2,143.402717347886
2003,3,142.966556253886
2003,4,142.078466777942
2003,5,141.997443701717
2003,6,141.851962604297
2003,7,141.980844185522
2003,8,142.793832111307
2003,9,143.25744404153
2003,10,144.346261046557
2003,11,147.277620844459
2003,12,150.119962208698
2004,1,151.790092538133
2004,2,153.337924391791
2004,3,153.567941453243
2004,4,153.568280928015
2004,5,153.579311203403
2004,6,153.798468675934
2004,7,154.25363665204
2004,8,154.571144582329
2004,9,155.029802166543
2004,10,155.641142630187
2004,11,155.983305593125
2004,12,156.494416056199
2005,1,156.486078262433
2005,2,156.25092718602
2005,3,156.669507727028
2005,4,156.900606550197
2005,5,157.623062407408
2005,6,158.243093062551
2005,7,158.675459123225
2005,8,158.426486512846
2005,9,158.615792946531
2005,10,158.652920365238
2005,11,158.789250521014
2005,12,158.8765922926
2006,1,158.85094729214
2006,2,158.83468877064
2006,3,158.827021414338
2006,4,158.63320476654
2006,5,158.857277082005
2006,6,158.557132933673
2006,7,158.170065274661
2006,8,158.244356754574
2006,9,158.077089969563
2006,10,157.024162350144
2006,11,154.947005149045
2006,12,153.19405739431
2007,1,151.693830419192
2007,2,151.093311578944
2007,3,150.957747246128
2007,4,150.930490284249
2007,5,150.87831138352
2007,6,150.838720271576
2007,7,150.738655562592
2007,8,150.436212024414
2007,9,150.299990282075
2007,10,150.270221270607
2007,11,150.239054128094
2007,12,150.359888177915
2008,1,150.450704955495
2008,2,150.748316811851
2008,3,151.003098249471
2008,4,151.020341734127
2008,5,151.021019788747
2008,6,151.162946865893
2008,7,151.178400165139
2008,8,151.065958032594
2008,9,151.043463253912
2008,10,151.003037974278
2008,11,151.021851875503
2008,12,151.11795098033
2009,1,151.293703634374
2009,2,151.389662276727
2009,3,151.358742504627
2009,4,151.56405087044
2009,5,151.559035825542
2009,6,151.108427253956
2009,7,151.089812583672
2009,8,151.416095622177
2009,9,151.443038514027
2009,10,150.794945098985
2009,11,150.265908486829
2009,12,150.303163907352
2010,1,150.347138160823
2010,2,150.387556109506
2010,3,150.418264686134
2010,4,150.403580622644
2010,5,150.421600844996
2010,6,150.458247399446
2010,7,150.573140158402
2010,8,150.432718445604
2010,9,150.275234093382
2010,10,150.101394104502
2010,11,150.016605592912
2010,12,150.169271499729
2011,1,150.139152833351
2011,2,150.025933493073
2011,3,149.75580125561
2011,4,149.843542822738
2011,5,149.895674284077
2011,6,150.044455276254
2011,7,150.069529285894
2011,8,150.071016535982
2011,9,150.243178243008
2011,10,150.659102236604
2011,11,150.960589665914
2011,12,151.477827249369
2012,1,151.910005215512
2012,2,151.954061290213
2012,3,152.153468853417
2012,4,152.381389873119
2012,5,152.424409336371
2012,6,152.278988961957
2012,7,152.192688477043
2012,8,152.207186602035
2012,9,152.461457412312
2012,10,152.484394254638
2012,11,152.711830971718
2012,12,152.99563577841
2013,1,153.12055774702
2013,2,153.144727239527
2013,3,153.240233796805
2013,4,153.347617750319
2013,5,153.458613141708
2013,6,153.541323547379
2013,7,153.820415972131
2013,8,154.13087998871
2013,9,155.130016731496
2013,10,155.228832423086
2013,11,155.109004336404
2013,12,155.17720720304
2014,1,155.352432750571
2014,2,155.457926316498
2014,3,155.367197729066
2014,4,155.331008560876
2014,5,155.374678347134
2014,6,155.329150050182
2014,7,155.285205473674
2014,8,155.137975576417
2014,9,155.040865046329
2014,10,154.990293198453
2014,11,154.93378499031
2014,12,154.952574260163
2015,1,154.976822428844
2015,2,154.926304293452
2015,3,155.063205200272
2015,4,155.139680427617
2015,5,155.127565799647
2015,6,155.496710316136
2015,7,155.611704535569
2015,8,155.681215762953
2015,9,155.618243666117
2015,10,155.573662500399
2015,11,155.487964418436
2015,12,155.194512578451
2016,1,155.051121557956
2016,2,155.237852366285
2016,3,155.431219394656
2016,4,155.140348792838
2016,5,155.184817661113
2016,6,155.181838668296
2016,7,155.353706774158
2016,8,155.571615297886
2016,9,155.856721553042
2016,10,155.728097893268
2016,11,155.581743219295
2016,12,155.621219983211
2017,1,155.442484029576
2017,2,155.266864072794
2017,3,154.986032479882
2017,4,154.703711092151
2017,5,154.513021881947
2017,6,154.231617183165
2017,7,154.043428648478
2017,8,153.941483882477
2017,9,153.621513925378
2017,10,153.522323292218
2017,11,153.62779672196
2017,12,153.648684472888
2018,1,153.610534158081
2018,2,153.725240146332
2018,3,153.840017689706
2018,4,154.108264273577
2018,5,154.23783777794
2018,6,154.19986385603
2018,7,154.475583835113
2018,8,154.524219709947
2018,9,154.481374840383
2018,10,154.678604296959
2018,11,154.807058960385
2018,12,154.849930298186
2019,1,154.699522491238
2019,2,154.633488163905
2019,3,154.400401968918
2019,4,154.026239694444
2019,5,153.850920790126
2019,6,153.610937707428
2019,7,153.57910796549
2019,8,153.594921706992
2019,9,153.665115750569
2019,10,153.665714909861
2019,11,153.722115559905
2019,12,153.749700676638
