Year,Month,Concentration
1986,1,0
1986,2,0
1986,3,0
1986,4,0
1986,5,0
1986,6,0
1986,7,0
1986,8,0
1986,9,0
1986,10,0
1986,11,0
1986,12,0
1987,1,0
1987,2,0
1987,3,0
1987,4,0
1987,5,0
1987,6,0
1987,7,0
1987,8,0
1987,9,0
1987,10,0
1987,11,0
1987,12,0
1988,1,0
1988,2,0
1988,3,0
1988,4,0
1988,5,0
1988,6,0
1988,7,0
1988,8,0
1988,9,0
1988,10,0
1988,11,0
1988,12,0
1989,1,0
1989,2,0
1989,3,0
1989,4,0
1989,5,0
1989,6,0
1989,7,0
1989,8,0
1989,9,0
1989,10,0
1989,11,0
1989,12,0
1990,1,0
1990,2,0
1990,3,0
1990,4,0
1990,5,0
1990,6,0
1990,7,0
1990,8,0
1990,9,0
1990,10,0
1990,11,0
1990,12,0
1991,1,0
1991,2,0
1991,3,0
1991,4,0
1991,5,0
1991,6,0
1991,7,0
1991,8,0
1991,9,0
1991,10,0
1991,11,0
1991,12,0
1992,1,0
1992,2,0
1992,3,0
1992,4,0
1992,5,0
1992,6,0
1992,7,0
1992,8,0
1992,9,0
1992,10,0
1992,11,0
1992,12,0
1993,1,0
1993,2,0
1993,3,0
1993,4,0
1993,5,0
1993,6,0
1993,7,0
1993,8,0
1993,9,0
1993,10,0
1993,11,0
1993,12,0
1994,1,0
1994,2,0
1994,3,0
1994,4,0
1994,5,0
1994,6,0
1994,7,0
1994,8,0
1994,9,0
1994,10,0
1994,11,0
1994,12,0
1995,1,0
1995,2,0
1995,3,0
1995,4,0
1995,5,0
1995,6,0
1995,7,0
1995,8,0
1995,9,0
1995,10,0
1995,11,0
1995,12,0
1996,1,0
1996,2,0
1996,3,0
1996,4,0
1996,5,0
1996,6,0
1996,7,0
1996,8,0
1996,9,0
1996,10,0
1996,11,0
1996,12,0
1997,1,0
1997,2,0
1997,3,0
1997,4,1.85794031352808
1997,5,2.26246570832902
1997,6,1.92249224298906
1997,7,1.90679265290334
1997,8,1.85343795495695
1997,9,1.79646532731893
1997,10,1.8157383307319
1997,11,1.85414936938074
1997,12,1.92529249473258
1998,1,2.02342079840957
1998,2,2.21496734507686
1998,3,2.66592204287271
1998,4,2.9982936589013
1998,5,3.045539752033
1998,6,3.08384906843192
1998,7,3.14324282447338
1998,8,3.20795241813511
1998,9,3.20894989694959
1998,10,3.20823846427902
1998,11,3.16941383303663
1998,12,3.04656414063777
1999,1,3.05510196695621
1999,2,3.09050491149268
1999,3,3.2326418604774
1999,4,3.37866537843633
1999,5,3.47986887140105
1999,6,3.47678044743291
1999,7,3.59659874746964
1999,8,3.64346181221498
1999,9,6.46980303917252
1999,10,9.21433986821568
1999,11,9.18247725216246
1999,12,9.15261517351669
2000,1,9.12185439891618
2000,2,9.1329916178441
2000,3,9.13277023680457
2000,4,9.16158601149229
2000,5,9.18216742822112
2000,6,9.20192875726064
2000,7,9.19913086947845
2000,8,9.20387414105206
2000,9,9.20871039082908
2000,10,9.2364069483066
2000,11,9.25926894487466
2000,12,9.2993591090706
2001,1,9.30539810132423
2001,2,9.32758043087607
2001,3,9.35424428339072
2001,4,9.35686774846179
2001,5,9.35905492223208
2001,6,9.35977138025604
2001,7,9.35583375974891
2001,8,9.35181429731207
2001,9,9.35236547675198
2001,10,9.3363626232717
2001,11,9.32989318753605
2001,12,9.32831640564123
2002,1,9.32778009503226
2002,2,9.32760132482927
2002,3,9.32507612316139
2002,4,9.34583802375822
2002,5,9.35866496956709
2002,6,9.37666728470317
2002,7,9.38675794496072
2002,8,9.46038606300464
2002,9,9.51695960665227
2002,10,9.56383259519726
2002,11,9.71077773862108
2002,12,9.80780936955403
2003,1,9.87018628127937
2003,2,9.9705056252946
2003,3,10.0081799047829
2003,4,10.0384391596933
2003,5,10.0431828965058
2003,6,10.0579457972326
2003,7,10.0694081417809
2003,8,10.07847592532
2003,9,10.8770181745826
2003,10,12.1447503606205
2003,11,12.6365811211471
2003,12,12.7380177605859
2004,1,12.7677637333112
2004,2,12.7939595148577
2004,3,12.7940379449152
2004,4,12.7841370999722
2004,5,12.8427367582864
2004,6,12.8648423027684
2004,7,12.9207932120707
2004,8,12.9416644324197
2004,9,12.9311121710813
2004,10,12.9316986018051
2004,11,12.9407084160426
2004,12,12.9550421637533
2005,1,12.9301769678626
2005,2,12.9111461669848
2005,3,12.9104909042473
2005,4,12.9142261800946
2005,5,12.9349989741244
2005,6,12.9325001042601
2005,7,12.9139882400717
2005,8,12.893074768599
2005,9,12.9016161859588
2005,10,12.9073095018442
2005,11,12.9139826631728
2005,12,12.9185411236201
2006,1,12.9305818943426
2006,2,12.9341980151775
2006,3,12.9342385340783
2006,4,12.9387536163864
2006,5,12.9442574958971
2006,6,12.9503157778033
2006,7,12.9619245689595
2006,8,12.9559448427492
2006,9,12.9428518814712
2006,10,12.9453830350877
2006,11,12.9723190989247
2006,12,12.9725405332347
2007,1,12.9891400034306
2007,2,12.986812162197
2007,3,12.9716366494896
2007,4,12.9649568026812
2007,5,12.9679279053443
2007,6,12.9722096052691
2007,7,13.0028503620536
2007,8,13.023836156359
2007,9,13.0053810869526
2007,10,13.0033672189618
2007,11,13.0291402996377
2007,12,13.038271281683
2008,1,13.060128898703
2008,2,13.0596726274605
2008,3,13.0581955261062
2008,4,13.0581955261062
2008,5,13.0627758162176
2008,6,13.0715514860209
2008,7,13.0779715820371
2008,8,13.0912435111022
2008,9,13.0906437890372
2008,10,13.096571558452
2008,11,13.1026503633983
2008,12,13.1012715238326
2009,1,13.1187366984957
2009,2,13.1217904431451
2009,3,13.1441886462818
2009,4,13.2439951396573
2009,5,13.3675416890809
2009,6,13.4089896760943
2009,7,13.4139393286366
2009,8,13.3949634102683
2009,9,13.4733764563678
2009,10,13.5784125061411
2009,11,13.6246764303825
2009,12,13.6262965875076
2010,1,13.6341346101883
2010,2,13.6522605908939
2010,3,13.650760489557
2010,4,13.6492195435067
2010,5,13.6459191659136
2010,6,13.6395902537671
2010,7,13.6259069853874
2010,8,13.6436983531193
2010,9,13.6485084795357
2010,10,13.6595642468697
2010,11,13.7512319338969
2010,12,13.7844194673077
2011,1,13.8443573283822
2011,2,13.8706842727449
2011,3,13.903621364825
2011,4,13.910719293763
2011,5,13.9507444060931
2011,6,13.953100779017
2011,7,13.9435511888884
2011,8,13.9418274602474
2011,9,13.9483740773652
2011,10,13.9728759929268
2011,11,14.0599949531576
2011,12,14.0706237375075
2012,1,14.1517103017574
2012,2,14.3548749091648
2012,3,14.3781817594744
2012,4,14.5438450798731
2012,5,14.9470436330037
2012,6,15.5119085650148
2012,7,15.5231029149028
2012,8,15.739291961151
2012,9,15.8404815069863
2012,10,15.8423165907365
2012,11,15.9758111031013
2012,12,16.2359802918486
2013,1,16.4172650637263
2013,2,16.9503005885339
2013,3,17.0993564001899
2013,4,17.223404374056
2013,5,17.3554733776569
2013,6,17.4121259877606
2013,7,17.4283155527643
2013,8,17.4330105530806
2013,9,17.4006170364963
2013,10,17.403816684577
2013,11,17.4118039775003
2013,12,17.4575977687763
2014,1,17.5170281765803
2014,2,17.5328078244656
2014,3,17.5661186343121
2014,4,17.636244656258
2014,5,17.657682133238
2014,6,17.7281830807452
2014,7,17.7781140073555
2014,8,17.8515549384771
2014,9,17.9194681355466
2014,10,17.9647950250316
2014,11,17.9688706275329
2014,12,17.9962931148062
2015,1,18.0130547828855
2015,2,18.0364269773836
2015,3,18.0481800192185
2015,4,18.0481800192185
2015,5,18.0574830589221
2015,6,18.1335412053921
2015,7,18.2820408311754
2015,8,18.4252435115357
2015,9,18.4504733301232
2015,10,18.5360307394609
2015,11,18.5723409803125
2015,12,18.5977701452203
2016,1,18.6123157928677
2016,2,18.6409869914464
2016,3,18.6844929285705
2016,4,18.7093475359797
2016,5,18.7140188710839
2016,6,18.7436839696464
2016,7,18.7750869504893
2016,8,18.7892721865398
2016,9,18.8420043362723
2016,10,18.8540652510281
2016,11,18.8759423469916
2016,12,18.8784383342429
2017,1,18.8954244623156
2017,2,18.8969136600398
2017,3,18.8937626908751
2017,4,18.8888716106452
2017,5,18.9185525441268
2017,6,18.9429883088728
2017,7,18.9810768816092
2017,8,19.0185803156974
2017,9,19.0454254644906
2017,10,19.0390828021428
2017,11,19.0389001743384
2017,12,19.0377665523149
2018,1,19.0456181434893
2018,2,19.0654403387104
2018,3,19.0868022824916
2018,4,19.0773714418548
2018,5,19.0752311469018
2018,6,19.0717965543648
2018,7,19.0769387047851
2018,8,19.0854817783165
2018,9,19.110009879803
2018,10,19.1096181214958
2018,11,19.1090271752007
2018,12,19.0921122655218
2019,1,19.089598944914
2019,2,19.0801478033528
2019,3,19.0641624452249
2019,4,19.0622827738862
2019,5,19.0577689642307
2019,6,19.0547661617777
2019,7,19.0522589483339
2019,8,19.0172342332971
2019,9,19.0049316000989
2019,10,19.007159980498
2019,11,19.007159980498
2019,12,19.007159980498
