Year,Month,Concentration
1986,1,0
1986,2,0
1986,3,0
1986,4,0
1986,5,0
1986,6,0
1986,7,0
1986,8,0
1986,9,0
1986,10,0
1986,11,0
1986,12,0
1987,1,0
1987,2,0
1987,3,0
1987,4,0
1987,5,0
1987,6,0
1987,7,0
1987,8,0
1987,9,0
1987,10,0
1987,11,0
1987,12,0
1988,1,0
1988,2,0
1988,3,0
1988,4,0
1988,5,0
1988,6,0
1988,7,0
1988,8,0
1988,9,0
1988,10,0
1988,11,0
1988,12,0
1989,1,0
1989,2,0
1989,3,0
1989,4,0
1989,5,0
1989,6,0
1989,7,0
1989,8,0
1989,9,0
1989,10,0
1989,11,0
1989,12,0
1990,1,0
1990,2,0
1990,3,0
1990,4,0
1990,5,7724.46357736652
1990,6,7580.75474306525
1990,7,7082.51232625655
1990,8,6885.35396215541
1990,9,6885.46734865721
1990,10,6823.17720515349
1990,11,6650.88394847228
1990,12,6650.50732354481
1991,1,6640.866635442
1991,2,6602.09964457144
1991,3,6595.91192316105
1991,4,6595.26925753316
1991,5,6576.16516438967
1991,6,6568.21496077706
1991,7,6554.79966524291
1991,8,6556.82661696945
1991,9,6557.42963045863
1991,10,6563.01912011574
1991,11,6520.33229398993
1991,12,6520.33229398993
1992,1,6524.31457067198
1992,2,6521.82926388696
1992,3,6525.53852414536
1992,4,6521.96246728317
1992,5,6511.87076282488
1992,6,6508.93229561536
1992,7,6493.1860194034
1992,8,6468.74323457891
1992,9,6466.93958678861
1992,10,6464.48202250869
1992,11,6446.31769354125
1992,12,6439.44877948582
1993,1,6433.70152472821
1993,2,6428.60168496827
1993,3,6395.17861788248
1993,4,6429.39421757725
1993,5,6438.85826443395
1993,6,6435.53898912908
1993,7,6387.6120334195
1993,8,6275.07413383758
1993,9,6272.11947353043
1993,10,6247.65553557998
1993,11,6183.84482546447
1993,12,6150.86821603025
1994,1,6148.48572431299
1994,2,6120.6922754461
1994,3,6056.44030660141
1994,4,5958.12834342233
1994,5,5837.72449232819
1994,6,5718.424433873
1994,7,5426.81738763334
1994,8,5403.74632550508
1994,9,5316.44510750345
1994,10,5089.44313060746
1994,11,4961.26900780716
1994,12,4925.7882508445
1995,1,4921.1518541018
1995,2,4909.89374433079
1995,3,4900.16151330902
1995,4,1220.25709120563
1995,5,2.92064664106999
1995,6,2.91997986664903
1995,7,2.91767116393254
1995,8,2.91758310201866
1995,9,2.91758310201866
1995,10,2.91720239997185
1995,11,2.91720239997185
1995,12,2.91720239997185
1996,1,2.91951863767421
1996,2,2.92183487537658
1996,3,2.91952603481311
1996,4,2.91850390892647
1996,5,2.91673189306725
1996,6,2.91680717498298
1996,7,2.91769306184784
1996,8,2.91926138917504
1996,9,2.92670675622883
1996,10,2.93214822854661
1996,11,2.93334841170582
1996,12,2.93228489606663
1997,1,2.93384577782509
1997,2,2.93439289520132
1997,3,2.93551587262985
1997,4,2.93770825186702
1997,5,2.93145092997409
1997,6,2.9322766001359
1997,7,2.93155685640576
1997,8,2.93695651880383
1997,9,2.95738182016331
1997,10,2.98413428519333
1997,11,3.01995795726744
1997,12,3.01940948089144
1998,1,3.00238257822145
1998,2,2.98605230363675
1998,3,2.98342053322019
1998,4,2.98237094466589
1998,5,2.97431965440799
1998,6,2.9756562336944
1998,7,2.97806717507027
1998,8,2.98450892229762
1998,9,2.9846685361179
1998,10,2.99665425816869
1998,11,3.00756998859803
1998,12,3.02430683270673
1999,1,3.02688422961548
1999,2,3.02842545079897
1999,3,3.04643298354917
1999,4,3.0533437892637
1999,5,3.05647095882376
1999,6,3.06422085210129
1999,7,3.06765292749381
1999,8,3.06972066816279
1999,9,3.07500912350603
1999,10,3.07372345154073
1999,11,3.0753280351671
1999,12,3.07701437241356
2000,1,3.07365389003633
2000,2,3.07481699783759
2000,3,3.071281058207
2000,4,3.06936321188587
2000,5,3.07163412120118
2000,6,3.06423219548271
2000,7,3.04950124655911
2000,8,3.03795809710685
2000,9,3.02012190910413
2000,10,3.00658839662984
2000,11,2.97816364650976
2000,12,2.97791837715794
2001,1,2.98755092649743
2001,2,2.98879799951991
2001,3,2.98130593167158
2001,4,2.97435053124666
2001,5,2.97366889698901
2001,6,2.97220794212797
2001,7,2.97208555311321
2001,8,2.95343134104882
2001,9,2.94410106602829
2001,10,2.95276560770977
2001,11,2.95517275878172
2001,12,2.95952075595416
2002,1,2.96116660326337
2002,2,2.96665687376599
2002,3,2.96916095453237
2002,4,2.9711062964449
2002,5,2.97202898419268
2002,6,2.97127699574848
2002,7,2.97138585558092
2002,8,2.97165177723819
2002,9,2.9718100049522
2002,10,2.97363251554294
2002,11,2.97379912051284
2002,12,2.97530863589574
2003,1,2.97390050823618
2003,2,2.97197926862076
2003,3,2.96570966193744
2003,4,2.95992301061185
2003,5,2.94168738923734
2003,6,2.94176515176872
2003,7,2.94141272271818
2003,8,2.93467792930094
2003,9,2.9147541228656
2003,10,2.87000079137359
2003,11,2.83636469508919
2003,12,2.82283500045778
2004,1,2.81086027331278
2004,2,2.81008447340749
2004,3,2.80480223784395
2004,4,2.79497788700886
2004,5,2.78995006646255
2004,6,2.78274769336613
2004,7,2.77040642150765
2004,8,2.75144156579546
2004,9,2.74676755138718
2004,10,2.74023469781082
2004,11,2.73574064911994
2004,12,2.73580622824463
2005,1,2.73292241405179
2005,2,2.72688675617608
2005,3,2.72812127970674
2005,4,2.72977762186677
2005,5,2.72981803458462
2005,6,2.72471994277865
2005,7,2.72262498372656
2005,8,2.716846424542
2005,9,2.71758652881841
2005,10,2.71885226836629
2005,11,2.71965020871227
2005,12,2.71984642008473
2006,1,776.290713396431
2006,2,2.72517322537161
2006,3,2.73317302062112
2006,4,2.73334646154615
2006,5,2.74019601384065
2006,6,2.74059766564377
2006,7,2.74546577298689
2006,8,2.75659531883049
2006,9,2.79146891255249
2006,10,3149.24496440819
2006,11,3151.24377150127
2006,12,3152.24048863264
2007,1,3150.29023401423
2007,2,3144.77020203144
2007,3,3146.91580920565
2007,4,3147.55307814301
2007,5,3148.62681192369
2007,6,3146.21175433379
2007,7,788.509742749098
2007,8,2.80550813267352
2007,9,2.80356502207402
2007,10,2.80722476714024
2007,11,2.80913470953765
2007,12,2.80830132896092
2008,1,2.80729390338422
2008,2,2.82006770470666
2008,3,2.8234722056685
2008,4,2.81937479145288
2008,5,2.81836651011804
2008,6,2.81753480458819
2008,7,2.81939977872511
2008,8,2.82654254329389
2008,9,2.82754479914458
2008,10,2.82754479914458
2008,11,2.82779368953687
2008,12,1537.18756239802
2009,1,2.82854342145905
2009,2,2.82681178548044
2009,3,2.82572393294809
2009,4,2.82474967263462
2009,5,2.82485739655676
2009,6,2.82284790455864
2009,7,2.82284790455864
2009,8,2.82303974374872
2009,9,2.82355651395608
2009,10,2.82568480174233
2009,11,2.82619052232583
2009,12,2.82619052232583
2010,1,2.82621636481368
2010,2,2.83018624423669
2010,3,2.83149306266376
2010,4,2.83148950919375
2010,5,2.83148950919375
2010,6,2.83148950919375
2010,7,2.83107413889937
2010,8,2.83169861834797
2010,9,2.82723072258171
2010,10,2.82340432512729
2010,11,2.82301890302371
2010,12,2.82332436169249
2011,1,2.82345877111147
2011,2,2.82339445708624
2011,3,2.82535401632621
2011,4,1198.4128104041
2011,5,2.82851771884692
2011,6,2.82855053369062
2011,7,2.82555270577149
2011,8,2.8265856660325
2011,9,239.916693239273
2011,10,594.737995587881
2011,11,594.868512457955
2011,12,595.743601125505
2012,1,595.286861668
2012,2,594.934369943742
2012,3,593.524636903156
2012,4,592.970746754587
2012,5,592.766596488953
2012,6,592.591369217976
2012,7,590.856039071284
2012,8,590.115858385547
2012,9,589.029371957074
2012,10,588.495187896165
2012,11,588.080867253995
2012,12,588.000352553007
2013,1,587.466891691095
2013,2,586.406049741215
2013,3,584.685423112515
2013,4,583.920308809017
2013,5,583.772949553118
2013,6,583.786940268832
2013,7,581.809695102864
2013,8,576.428792052529
2013,9,576.726142322388
2013,10,575.713629761643
2013,11,575.256299113369
2013,12,575.082875722373
2014,1,573.949617670407
2014,2,572.884668541325
2014,3,572.779799100858
2014,4,571.447252636598
2014,5,568.720213254688
2014,6,566.908882322112
2014,7,566.585054023795
2014,8,565.850921991785
2014,9,565.149674784369
2014,10,564.601085140802
2014,11,564.206515025743
2014,12,564.135159279528
2015,1,563.802300480339
2015,2,563.553562598443
2015,3,563.730936314754
2015,4,564.162324939572
2015,5,564.262141878546
2015,6,565.581850031669
2015,7,572.091932094999
2015,8,577.531095814365
2015,9,577.805634285381
2015,10,577.746553046075
2015,11,577.756293117521
2015,12,577.756293117521
