Year,Month,Concentration
1986,1,0
1986,2,0
1986,3,0
1986,4,0
1986,5,0
1986,6,0
1986,7,0
1986,8,0
1986,9,0
1986,10,0
1986,11,0
1986,12,0
1987,1,0
1987,2,0
1987,3,0
1987,4,0
1987,5,0
1987,6,0
1987,7,0
1987,8,0
1987,9,0
1987,10,0
1987,11,0
1987,12,0
1988,1,0
1988,2,0
1988,3,0
1988,4,4930.72043634586
1988,5,12298.7706599556
1988,6,12286.2636013275
1988,7,12278.441916055
1988,8,12209.9944846869
1988,9,12143.9794295487
1988,10,12137.7073192897
1988,11,12042.6755936598
1988,12,4774.58799413555
1989,1,34.5260723974544
1989,2,34.5260723974544
1989,3,34.5285137172084
1989,4,34.7032272143065
1989,5,34.7032272143065
1989,6,34.6944338548965
1989,7,34.6958532669999
1989,8,34.6957718149846
1989,9,34.6957718149846
1989,10,34.7483677983087
1989,11,34.7700163835811
1989,12,34.7700163835811
1990,1,34.7793350829981
1990,2,34.6331056116914
1990,3,34.6331056116914
1990,4,34.6331056116914
1990,5,34.7273305878557
1990,6,34.7273305878557
1990,7,34.727972402156
1990,8,34.7562514351334
1990,9,34.7555501206198
1990,10,34.7448897850803
1990,11,34.7513473526916
1990,12,34.7425364848151
1991,1,34.7133591885438
1991,2,34.6340052905816
1991,3,34.6225586685502
1991,4,34.5739815814227
1991,5,34.3038892446511
1991,6,34.2537697083162
1991,7,34.2236845690307
1991,8,34.12678795521
1991,9,34.0434630843036
1991,10,34.0138748304267
1991,11,32.534381836617
1991,12,32.5241290395819
1992,1,31.982076517162
1992,2,31.4604586309445
1992,3,31.3245811944562
1992,4,31.1339419498945
1992,5,30.9935726755363
1992,6,30.9956238698607
1992,7,31.0075244453372
1992,8,31.0263215685228
1992,9,31.0078604248432
1992,10,31.0475732854313
1992,11,31.0604910221399
1992,12,31.0751256804549
1993,1,31.069711654132
1993,2,31.0486179911263
1993,3,31.0917914471675
1993,4,31.0987536346888
1993,5,30.9923640752292
1993,6,30.9449903719275
1993,7,30.979612202623
1993,8,31.1617944730758
1993,9,4470.96409746714
1993,10,8890.58181425774
1993,11,8858.80138685028
1993,12,8824.38359419865
1994,1,8815.46753346601
1994,2,8767.7701788475
1994,3,8690.53931556678
1994,4,8589.94737127422
1994,5,8440.39341863546
1994,6,8281.86137569705
1994,7,7911.22938241336
1994,8,7796.90673910908
1994,9,7461.94890498319
1994,10,6555.31916296477
1994,11,6110.34028185538
1994,12,6034.45968557175
1995,1,6015.54070693141
1995,2,6004.93621594116
1995,3,5995.29638289817
1995,4,5888.27707501203
1995,5,5846.47501860113
1995,6,5826.27390809402
1995,7,5814.59580832581
1995,8,5821.18525184058
1995,9,5821.18525184058
1995,10,5778.0312489419
1995,11,5775.18335881053
1995,12,5762.15687835678
1996,1,2891.14386609332
1996,2,31.4783344115016
1996,3,31.4783344115016
1996,4,31.4695350317256
1996,5,31.4703960802413
1996,6,31.5227924565801
1996,7,31.8261763050533
1996,8,31.8635913941935
1996,9,31.8879052622848
1996,10,31.8881905159903
1996,11,31.8885389459963
1996,12,31.879346307954
1997,1,31.8726308524558
1997,2,31.8925586966443
1997,3,31.909402565098
1997,4,31.9353432831099
1997,5,31.9353432831099
1997,6,32.0091128377112
1997,7,32.0151940846565
1997,8,32.2949403335995
1997,9,32.4214101268664
1997,10,32.4533731480347
1997,11,32.4064498439207
1997,12,32.1726022160852
1998,1,32.0537266170962
1998,2,32.0465278714509
1998,3,32.0235621574876
1998,4,32.024726883937
1998,5,32.0044178319281
1998,6,32.039067279707
1998,7,32.0768655999672
1998,8,1369.65375470011
1998,9,4046.09039247323
1998,10,5378.93956147241
1998,11,2703.39864233919
1998,12,509.133057730171
1999,1,669.80364320573
1999,2,669.901376308014
1999,3,669.464615796527
1999,4,668.48930836276
1999,5,668.629923464306
1999,6,668.326600907041
1999,7,668.185758216955
1999,8,670.593276416407
1999,9,666.11453327091
1999,10,653.154926117318
1999,11,650.900120515782
1999,12,650.976415389457
2000,1,647.148942231208
2000,2,642.154178955348
2000,3,640.566261754711
2000,4,640.44666503782
2000,5,637.761008261634
2000,6,635.614095121549
2000,7,637.386064428129
2000,8,636.055080868776
2000,9,635.458826112136
2000,10,635.795726575668
2000,11,635.963538413927
2000,12,635.612057610844
2001,1,635.339164602014
2001,2,177.281279920069
2001,3,177.19213169563
2001,4,177.747518531158
2001,5,177.884953938427
2001,6,179.285301177608
2001,7,180.199172093216
2001,8,181.702126207389
2001,9,182.763869540101
2001,10,182.796682373511
2001,11,183.044400398008
2001,12,183.563518536721
2002,1,184.160629128377
2002,2,184.404966994314
2002,3,184.79440847503
2002,4,184.916416297931
2002,5,185.090033182564
2002,6,185.782910713067
2002,7,185.990080190494
2002,8,186.504821582472
2002,9,186.757462115833
2002,10,187.004753091027
2002,11,187.161569575316
2002,12,187.232656021717
2003,1,187.571634306089
2003,2,189.247923093178
2003,3,189.324797310343
2003,4,190.097360089434
2003,5,191.951434132807
2003,6,192.116484250659
2003,7,192.161929940412
2003,8,191.611194648544
2003,9,191.437706273828
2003,10,191.382587359127
2003,11,190.987706113304
2003,12,191.341482870999
2004,1,191.34083392354
2004,2,191.221839667903
2004,3,190.793572252857
2004,4,189.446560106779
2004,5,189.314782185091
2004,6,188.304163159445
2004,7,187.597040443219
2004,8,186.665793190212
2004,9,185.184683012887
2004,10,183.601387044047
2004,11,181.914247223058
2004,12,180.887736463908
2005,1,179.52100626188
2005,2,177.094659274597
2005,3,176.368385984896
2005,4,174.531851554231
2005,5,957.152023393268
2005,6,3315.61937842442
2005,7,3317.05854236636
2005,8,3323.03054150091
2005,9,3325.74811432442
2005,10,3327.48455589336
2005,11,3326.31016877223
2005,12,3324.75141025008
2006,1,3313.82267176412
2006,2,3309.60120556187
2006,3,3334.50967471827
2006,4,3348.30564391143
2006,5,3366.03233604953
2006,6,3375.85193853942
2006,7,3374.54779105597
2006,8,3375.03660395479
2006,9,3386.69564045717
2006,10,3399.05422878363
2006,11,3401.34922608505
2006,12,3405.03002082513
2007,1,3412.38910801143
2007,2,3403.92552295968
2007,3,3407.08770614221
2007,4,3412.71805254281
2007,5,3409.17867550471
2007,6,3408.4165802737
2007,7,3405.4934892884
2007,8,3400.09936746359
2007,9,3386.71658824822
2007,10,3382.15736641516
2007,11,3373.01310075245
2007,12,3345.64635669436
2008,1,3337.38882301123
2008,2,3332.70559250159
2008,3,3326.86170166143
2008,4,3316.72788022225
2008,5,3311.90567304921
2008,6,3312.35598985485
2008,7,3315.11989467232
2008,8,3318.76261160115
2008,9,3315.46468218628
2008,10,3307.76997290661
2008,11,3281.54734605077
2008,12,3274.67923629568
2009,1,3258.04022715806
2009,2,3249.73228332791
2009,3,3240.92305461381
2009,4,3237.2024533306
2009,5,3236.70564374415
2009,6,3232.71821042685
2009,7,3230.68803333213
2009,8,3227.58709078255
2009,9,3224.90074946811
2009,10,3221.34820940558
2009,11,3212.70622325401
2009,12,3203.14425355094
2010,1,3184.84651061321
2010,2,3177.07432038545
2010,3,3174.93788054927
2010,4,3174.67494098886
2010,5,3174.11611645303
2010,6,3172.65401674563
2010,7,3171.54110732171
2010,8,3170.30864169079
2010,9,3168.78424426293
2010,10,3165.83597086618
2010,11,3164.59746895615
2010,12,3164.3609276418
2011,1,3164.673053732
2011,2,3165.11728761735
2011,3,3161.8380537943
2011,4,3162.04787935012
2011,5,3162.47955995352
2011,6,3162.47335025285
2011,7,3161.86547250198
2011,8,3163.94183567801
2011,9,3165.75820216146
2011,10,3172.80999188045
2011,11,3172.56463721893
2011,12,3172.15954617732
2012,1,3172.23053711532
2012,2,3176.09737430154
2012,3,3179.33478785664
2012,4,3180.44155529319
2012,5,3180.91888514763
2012,6,3182.22524619938
2012,7,3183.95231359401
2012,8,3183.86089469782
2012,9,3175.26064415431
2012,10,3171.8467091772
2012,11,3171.47255930899
2012,12,3163.96643358484
2013,1,3163.05526232284
2013,2,3162.57709025318
2013,3,3161.15835850045
2013,4,3163.90492298073
2013,5,3167.01938395726
2013,6,3167.70015004502
2013,7,3166.86250120104
2013,8,3165.06688166133
2013,9,3169.66557168873
2013,10,3171.81179258074
2013,11,3171.45726228374
2013,12,3171.42001225274
2014,1,3182.00542056562
2014,2,3184.55144381403
2014,3,3187.05126900148
2014,4,3194.56424981057
2014,5,3199.93070608991
2014,6,3209.42547939535
2014,7,3228.96969858084
2014,8,3272.72379094122
2014,9,3285.01950258223
2014,10,3356.52570577149
2014,11,3364.49448385775
2014,12,3376.0766242466
2015,1,3380.894802122
2015,2,3385.17619572416
2015,3,3387.60792575233
2015,4,3387.8131006553
2015,5,3387.71738747565
2015,6,3387.27089690082
2015,7,3401.80787583379
2015,8,3418.59238911782
2015,9,3425.20593590755
2015,10,3426.68507123223
2015,11,3426.96461521503
2015,12,3425.61824332091
