Year,Month,Concentration
1986,1,0
1986,2,0
1986,3,0
1986,4,0
1986,5,0
1986,6,0
1986,7,0
1986,8,0
1986,9,0
1986,10,0
1986,11,0
1986,12,0
1987,1,0
1987,2,0
1987,3,0
1987,4,0
1987,5,0
1987,6,0
1987,7,0
1987,8,0
1987,9,0
1987,10,0
1987,11,0
1987,12,0
1988,1,0
1988,2,0
1988,3,0
1988,4,0
1988,5,0
1988,6,0
1988,7,0
1988,8,0
1988,9,0
1988,10,0
1988,11,0
1988,12,0
1989,1,0
1989,2,0
1989,3,0
1989,4,0
1989,5,0
1989,6,0
1989,7,0
1989,8,0
1989,9,0
1989,10,0
1989,11,0
1989,12,0
1990,1,0
1990,2,0
1990,3,0
1990,4,0
1990,5,0
1990,6,0
1990,7,0
1990,8,0
1990,9,0
1990,10,0
1990,11,0
1990,12,0
1991,1,0
1991,2,0
1991,3,0
1991,4,0
1991,5,0
1991,6,0
1991,7,0
1991,8,0
1991,9,0
1991,10,0
1991,11,0
1991,12,0
1992,1,0
1992,2,0
1992,3,0
1992,4,0
1992,5,0
1992,6,0
1992,7,0
1992,8,0
1992,9,0
1992,10,0
1992,11,0
1992,12,0
1993,1,0
1993,2,0
1993,3,0
1993,4,0
1993,5,0
1993,6,0
1993,7,0
1993,8,0
1993,9,0
1993,10,0
1993,11,0
1993,12,0
1994,1,0
1994,2,0
1994,3,0
1994,4,0
1994,5,0
1994,6,0
1994,7,0
1994,8,0
1994,9,0
1994,10,0
1994,11,0
1994,12,0
1995,1,0
1995,2,0
1995,3,0
1995,4,0
1995,5,0
1995,6,0
1995,7,0
1995,8,0
1995,9,0
1995,10,0
1995,11,0
1995,12,0
1996,1,0
1996,2,0
1996,3,0
1996,4,0
1996,5,0
1996,6,0
1996,7,0
1996,8,0
1996,9,0
1996,10,0
1996,11,0
1996,12,0
1997,1,0
1997,2,0
1997,3,0
1997,4,0
1997,5,0
1997,6,0
1997,7,0
1997,8,0
1997,9,0
1997,10,0
1997,11,0
1997,12,0
1998,1,0
1998,2,0
1998,3,0
1998,4,0
1998,5,0
1998,6,0
1998,7,0
1998,8,0
1998,9,0
1998,10,0
1998,11,0
1998,12,0
1999,1,0
1999,2,0
1999,3,0
1999,4,0
1999,5,0
1999,6,0
1999,7,0
1999,8,0
1999,9,0
1999,10,0
1999,11,0
1999,12,0
2000,1,0
2000,2,0
2000,3,0
2000,4,0
2000,5,0
2000,6,0
2000,7,0
2000,8,0
2000,9,0
2000,10,0
2000,11,0
2000,12,0
2001,1,0
2001,2,0
2001,3,0
2001,4,0
2001,5,0
2001,6,0
2001,7,0
2001,8,0
2001,9,0
2001,10,0
2001,11,0
2001,12,0
2002,1,0
2002,2,0
2002,3,0
2002,4,0
2002,5,0
2002,6,0
2002,7,0
2002,8,0
2002,9,0
2002,10,0
2002,11,0
2002,12,0
2003,1,0
2003,2,0
2003,3,0
2003,4,0
2003,5,0
2003,6,0
2003,7,386.44895421935
2003,8,514.390142226862
2003,9,513.411945906397
2003,10,512.536011734043
2003,11,509.125613069317
2003,12,509.227471145976
2004,1,509.918592771545
2004,2,506.850423393777
2004,3,513.356419256922
2004,4,531.314249153206
2004,5,541.823540958969
2004,6,541.323776463641
2004,7,543.616604371512
2004,8,540.480627170868
2004,9,537.152466671764
2004,10,534.960472915193
2004,11,533.902357799376
2004,12,533.637390456955
2005,1,535.012298704065
2005,2,534.656465061472
2005,3,535.639895762776
2005,4,535.752230002333
2005,5,537.05802534052
2005,6,538.862157590406
2005,7,540.189292516534
2005,8,364.64444261755
2005,9,188.733665162357
2005,10,188.358014714633
2005,11,187.965949887037
2005,12,187.012491383877
2006,1,186.548569187281
2006,2,186.710575719297
2006,3,186.995276655994
2006,4,187.695419034261
2006,5,187.168978972651
2006,6,186.946656568185
2006,7,187.778427295389
2006,8,187.701868566713
2006,9,187.487513355033
2006,10,187.575864282885
2006,11,186.847778157397
2006,12,185.144248942854
2007,1,183.042612962652
2007,2,182.447053094203
2007,3,182.099538793018
2007,4,181.669342973893
2007,5,181.990120142309
2007,6,181.521907554355
2007,7,181.722511318105
2007,8,182.743113837714
2007,9,182.264292584175
2007,10,182.083081715326
2007,11,181.467038289074
2007,12,180.97177316746
2008,1,180.433860379466
2008,2,179.795083183824
2008,3,179.518245688753
2008,4,179.477991255725
2008,5,179.379585273593
2008,6,179.120244597349
2008,7,179.116644066136
2008,8,178.687464555193
2008,9,177.987062329137
2008,10,178.011806285842
2008,11,178.474248419048
2008,12,178.495645380305
2009,1,178.391433533742
2009,2,178.545947619827
2009,3,178.627999170308
2009,4,178.781709637114
2009,5,179.085879356629
2009,6,179.022405764582
2009,7,179.040532810072
2009,8,179.652972637812
2009,9,179.290961293138
2009,10,179.301535520405
2009,11,180.094742332865
2009,12,377.536516939756
2010,1,575.294096797923
2010,2,576.228883540389
2010,3,576.685142667199
2010,4,577.135730415034
2010,5,577.55832947893
2010,6,576.793596166215
2010,7,576.357724359902
2010,8,576.081163222778
2010,9,574.655078639525
2010,10,573.831603823455
2010,11,574.17050342538
2010,12,573.707147235513
2011,1,573.935318206515
2011,2,574.879024099994
2011,3,573.145433393981
2011,4,572.330430388467
2011,5,571.352567685528
2011,6,569.323833630867
2011,7,566.597995449728
2011,8,565.652695313934
2011,9,565.51413843823
2011,10,565.2916467459
2011,11,565.461880117734
2011,12,565.643255902896
2012,1,565.780056248361
2012,2,566.595128105259
2012,3,566.14501789825
2012,4,565.723579207446
2012,5,564.889901028055
2012,6,564.19517046082
2012,7,563.35864611623
2012,8,563.156517099542
2012,9,563.052830462704
2012,10,562.960022852926
2012,11,562.746347015376
2012,12,563.431704697973
2013,1,563.493645758518
2013,2,563.187812097568
2013,3,563.633949677041
2013,4,564.050600643885
2013,5,564.43466942032
2013,6,564.683056303986
2013,7,564.745273426129
2013,8,564.772441661679
2013,9,564.485662141377
2013,10,564.02365876951
2013,11,563.710229460424
2013,12,563.741609543768
2014,1,562.502650921919
2014,2,561.981693507697
2014,3,561.512860782675
2014,4,560.435024330077
2014,5,560.191258130733
2014,6,559.070192245773
2014,7,555.9821913676
2014,8,552.858752758207
2014,9,551.574020299966
2014,10,550.785501588117
2014,11,549.793014748117
2014,12,549.614446766994
2015,1,548.940911907412
2015,2,548.47825193344
2015,3,548.453564995466
2015,4,548.338650213896
2015,5,548.11540368272
2015,6,547.8933358844
2015,7,547.792223857108
2015,8,547.027958941999
2015,9,546.733790582312
2015,10,546.732176971217
2015,11,546.76021766947
2015,12,546.659482953918
2016,1,546.729079892444
2016,2,546.591550229962
2016,3,545.408517193797
2016,4,545.7725787053
2016,5,544.707991935716
2016,6,544.855783743173
2016,7,544.169621795447
2016,8,543.477756414968
2016,9,543.66578160882
2016,10,543.811858666002
2016,11,543.918394979971
2016,12,544.602788800429
2017,1,544.503818272017
2017,2,544.181819757291
2017,3,544.024327732988
2017,4,544.58485865732
2017,5,544.371375009386
2017,6,544.235959563068
2017,7,544.400874233052
2017,8,544.238131920048
2017,9,544.212919679424
2017,10,543.010278926939
2017,11,542.975638558449
2017,12,543.421341909159
2018,1,542.794777666275
2018,2,542.318533463032
2018,3,542.753703958575
2018,4,544.278615876529
2018,5,543.875525310556
2018,6,543.95859191456
2018,7,544.017607101933
2018,8,544.214519653353
2018,9,544.243590326839
2018,10,544.576441050782
2018,11,544.037126852366
2018,12,543.6587120919
2019,1,543.458556573727
2019,2,542.045326495593
2019,3,541.352066996687
2019,4,540.918139847078
2019,5,540.620856160829
2019,6,540.032462894433
2019,7,539.441591846613
2019,8,539.192464677818
2019,9,539.14895448799
2019,10,539.02015938949
2019,11,538.930631573992
2019,12,538.951307411416
