,Year,Month,Conc
0,1986,2,12.9872827529907
1,1986,3,12.9385852813721
2,1986,4,12.9444923400879
3,1986,5,12.9113702774048
4,1986,6,12.8012552261353
5,1986,7,12.8089170455933
6,1986,8,12.8094110488892
7,1986,9,12.6195240020752
8,1986,10,12.7964696884155
9,1986,11,12.800196647644
10,1986,12,12.8891849517822
11,1987,1,12.886266708374
12,1987,2,12.8766555786133
13,1987,3,12.8952541351318
14,1987,4,12.8970222473145
15,1987,5,12.9116697311401
16,1987,6,12.8211088180542
17,1987,7,12.832200050354
18,1987,8,12.749098777771
19,1987,9,12.9361362457275
20,1987,10,12.9238166809082
21,1987,11,12.8425846099854
22,1987,12,12.9769983291626
23,1988,1,12.9387893676758
24,1988,2,12.973804473877
25,1988,3,12.967981338501
26,1988,4,13.023681640625
27,1988,5,13.0466423034668
28,1988,6,13.0498352050781
29,1988,7,13.0643854141235
30,1988,8,13.0982990264893
31,1988,9,12.8736848831177
32,1988,10,12.7881097793579
33,1988,11,12.9882144927979
34,1988,12,13.1167087554932
35,1989,1,13.1269798278809
36,1989,2,13.1073408126831
37,1989,3,13.1347627639771
38,1989,4,13.1488847732544
39,1989,5,13.0629577636719
40,1989,6,13.1743602752686
41,1989,7,13.2685985565186
42,1989,8,13.2657537460327
43,1989,9,13.2859792709351
44,1989,10,13.3155994415283
45,1989,11,13.3464059829712
46,1989,12,13.3968286514282
47,1990,1,13.4143924713135
48,1990,2,13.3342008590698
49,1990,3,13.4864339828491
50,1990,4,13.6179780960083
51,1990,5,13.6246662139893
52,1990,6,13.7276191711426
53,1990,7,13.7587203979492
54,1990,8,13.6259269714355
55,1990,9,13.6840991973877
56,1990,10,13.7525253295898
57,1990,11,13.7461071014404
58,1990,12,13.8585023880005
59,1991,1,13.7650947570801
60,1991,2,13.5115385055542
61,1991,3,13.509560585022
62,1991,4,13.5274267196655
63,1991,5,13.5327425003052
64,1991,6,13.5262899398804
65,1991,7,13.464298248291
66,1991,8,13.0195341110229
67,1991,9,12.6774053573608
68,1991,10,12.6891899108887
69,1991,11,12.6771249771118
70,1991,12,12.6819753646851
71,1992,1,12.6123580932617
72,1992,2,12.6575870513916
73,1992,3,12.6559181213379
74,1992,4,12.6608791351318
75,1992,5,12.609224319458
76,1992,6,12.5709238052368
77,1992,7,12.5772171020508
78,1992,8,12.5677261352539
79,1992,9,12.5673866271973
80,1992,10,12.531928062439
81,1992,11,12.5091133117676
82,1992,12,12.572681427002
83,1993,1,12.5834159851074
84,1993,2,12.5942640304565
85,1993,3,12.6902866363525
86,1993,4,12.7575492858887
87,1993,5,12.8273181915283
88,1993,6,12.9684181213379
89,1993,7,12.9830884933472
90,1993,8,13.0349521636963
91,1993,9,12.8242387771606
92,1993,10,12.9924535751343
93,1993,11,13.0652885437012
94,1993,12,13.1198568344116
95,1994,1,13.1908521652222
96,1994,2,13.1873588562012
97,1994,3,13.1819515228271
98,1994,4,13.1691179275513
99,1994,5,13.1612186431885
100,1994,6,13.1692028045654
101,1994,7,13.1653184890747
102,1994,8,13.1610107421875
103,1994,9,13.1485204696655
104,1994,10,13.1473941802979
105,1994,11,13.0305223464966
106,1994,12,12.9803781509399
107,1995,1,12.9672832489014
108,1995,2,12.9979581832886
109,1995,3,13.0004034042358
110,1995,4,13.0765533447266
111,1995,5,13.339075088501
112,1995,6,13.4037055969238
113,1995,7,13.4253206253052
114,1995,8,13.4219350814819
115,1995,9,13.5966625213623
116,1995,10,13.8914918899536
117,1995,11,13.9519996643066
118,1995,12,13.88671875
119,1996,1,13.8615550994873
120,1996,2,13.9345254898071
121,1996,3,13.983790397644
122,1996,4,14.403657913208
123,1996,5,14.4575052261353
124,1996,6,14.452977180481
125,1996,7,14.2800130844116
126,1996,8,14.2561769485474
127,1996,9,14.2636661529541
128,1996,10,14.3709888458252
129,1996,11,14.3680353164673
130,1996,12,14.2486238479614
131,1997,1,14.2130432128906
132,1997,2,14.212926864624
133,1997,3,14.0980567932129
134,1997,4,14.1060857772827
135,1997,5,13.9621486663818
136,1997,6,13.8322601318359
137,1997,7,13.8720083236694
138,1997,8,14.2121152877808
139,1997,9,14.2249517440796
140,1997,10,12.6324768066406
141,1997,11,12.9038753509521
142,1997,12,13.2087812423706
143,1998,1,13.0372123718262
144,1998,2,13.074875831604
145,1998,3,13.5145015716553
146,1998,4,13.5788612365723
147,1998,5,13.2516679763794
148,1998,6,13.7083139419556
149,1998,7,13.5322637557983
150,1998,8,15.0205087661743
151,1998,9,17.2070980072021
152,1998,10,17.3682746887207
153,1998,11,17.4855709075928
154,1998,12,17.9553985595703
155,1999,1,18.306468963623
156,1999,2,18.2768669128418
157,1999,3,18.3260669708252
158,1999,4,18.4863300323486
159,1999,5,18.488561630249
160,1999,6,18.4809265136719
161,1999,7,18.5001964569092
162,1999,8,18.4997749328613
163,1999,9,18.5126934051514
164,1999,10,18.4187679290771
165,1999,11,18.4088897705078
166,1999,12,18.4682788848877
167,2000,1,18.4531993865967
168,2000,2,18.327808380127
169,2000,3,18.304500579834
170,2000,4,18.4071063995361
171,2000,5,18.429271697998
172,2000,6,18.4431667327881
173,2000,7,18.3831729888916
174,2000,8,18.3580703735352
175,2000,9,18.3822021484375
176,2000,10,18.4015693664551
177,2000,11,18.2313480377197
178,2000,12,18.3754692077637
179,2001,1,18.5877532958984
180,2001,2,18.2850761413574
181,2001,3,18.0330657958984
182,2001,4,17.951961517334
183,2001,5,17.8961505889893
184,2001,6,17.8143463134766
185,2001,7,17.4642105102539
186,2001,8,17.3604354858398
187,2001,9,17.4541473388672
188,2001,10,17.7151756286621
189,2001,11,17.656774520874
190,2001,12,17.7671337127686
191,2002,1,17.8783016204834
192,2002,2,18.0504627227783
193,2002,3,18.0953502655029
194,2002,4,18.0100402832031
195,2002,5,17.932689666748
196,2002,6,17.8219528198242
197,2002,7,17.6642875671387
198,2002,8,17.6410064697266
199,2002,9,17.680721282959
200,2002,10,17.442626953125
201,2002,11,17.239803314209
202,2002,12,17.1170692443848
203,2003,1,17.0739765167236
204,2003,2,17.0254135131836
205,2003,3,16.9911346435547
206,2003,4,16.9676647186279
207,2003,5,16.96653175354
208,2003,6,16.9435710906982
209,2003,7,16.8504848480225
210,2003,8,16.8636379241943
211,2003,9,16.7704582214355
212,2003,10,16.1490745544434
213,2003,11,15.8283395767212
214,2003,12,15.8599672317505
215,2004,1,15.7106790542603
216,2004,2,15.6179933547974
217,2004,3,15.6342401504517
218,2004,4,15.5120992660522
219,2004,5,15.4622611999512
220,2004,6,15.3739719390869
221,2004,7,15.3002138137817
222,2004,8,15.0961208343506
223,2004,9,15.0438842773438
224,2004,10,15.0963315963745
225,2004,11,15.1041812896729
226,2004,12,15.5242509841919
227,2005,1,15.6380109786987
228,2005,2,15.5641660690308
229,2005,3,15.4133682250977
230,2005,4,15.4229545593262
231,2005,5,15.4234256744385
232,2005,6,15.6307725906372
233,2005,7,15.3913631439209
234,2005,8,14.8245191574097
235,2005,9,14.7497692108154
236,2005,10,15.1461153030396
237,2005,11,15.1704730987549
238,2005,12,15.1932058334351
239,2006,1,15.3176574707031
240,2006,2,15.3412628173828
241,2006,3,15.283164024353
242,2006,4,15.2843103408813
243,2006,5,15.1507606506348
244,2006,6,15.1361227035522
245,2006,7,15.2488651275635
246,2006,8,15.4568099975586
247,2006,9,15.5660495758057
248,2006,10,15.6881895065308
249,2006,11,16.0231800079346
250,2006,12,16.2698078155518
251,2007,1,16.4000854492188
252,2007,2,16.4063262939453
253,2007,3,16.3854675292969
254,2007,4,16.4383945465088
255,2007,5,16.5137138366699
256,2007,6,16.7919063568115
257,2007,7,16.7533721923828
258,2007,8,16.8962631225586
259,2007,9,16.97922706604
260,2007,10,17.4092960357666
261,2007,11,18.4248867034912
262,2007,12,18.7481937408447
263,2008,1,18.8429737091064
264,2008,2,18.7570762634277
265,2008,3,18.7820472717285
266,2008,4,18.869010925293
267,2008,5,18.8933277130127
268,2008,6,18.9011688232422
269,2008,7,19.0088062286377
270,2008,8,19.3501739501953
271,2008,9,19.4029159545898
272,2008,10,19.5307216644287
273,2008,11,19.9639377593994
274,2008,12,19.9952011108398
275,2009,1,20.0446949005127
276,2009,2,20.1785907745361
277,2009,3,20.3244495391846
278,2009,4,20.5081844329834
279,2009,5,20.8128185272217
280,2009,6,20.430383682251
281,2009,7,20.3537254333496
282,2009,8,20.5261001586914
283,2009,9,20.6853923797607
284,2009,10,20.7599239349365
285,2009,11,20.8281345367432
286,2009,12,20.8473663330078
287,2010,1,20.8032512664795
288,2010,2,20.8856143951416
289,2010,3,20.9141006469727
290,2010,4,20.9559059143066
291,2010,5,21.2243614196777
292,2010,6,21.5710639953613
293,2010,7,21.5210285186768
294,2010,8,21.5586719512939
295,2010,9,21.5797367095947
296,2010,10,21.5997543334961
297,2010,11,21.525333404541
298,2010,12,21.5834064483643
299,2011,1,21.6372470855713
300,2011,2,21.4157657623291
301,2011,3,21.4956169128418
302,2011,4,21.6479759216309
303,2011,5,21.9205741882324
304,2011,6,21.9812717437744
305,2011,7,22.124361038208
306,2011,8,22.3028411865234
307,2011,9,22.7032012939453
308,2011,10,22.9470443725586
309,2011,11,23.1343402862549
310,2011,12,23.2106151580811
311,2012,1,23.1153964996338
312,2012,2,23.0909957885742
313,2012,3,23.3579120635986
314,2012,4,23.5031242370605
315,2012,5,23.5485286712646
316,2012,6,23.6064262390137
317,2012,7,23.612398147583
318,2012,8,23.752103805542
319,2012,9,23.5169048309326
320,2012,10,23.6153831481934
321,2012,11,23.5639915466309
322,2012,12,23.2646617889404
323,2013,1,23.3659381866455
324,2013,2,23.6794242858887
325,2013,3,24.5754089355469
326,2013,4,24.1833896636963
327,2013,5,24.460973739624
328,2013,6,24.4939079284668
329,2013,7,24.5203475952148
330,2013,8,24.4227752685547
331,2013,9,24.343297958374
332,2013,10,24.0603122711182
333,2013,11,24.2358837127686
334,2013,12,24.4107646942139
335,2014,1,24.6829032897949
336,2014,2,24.9497776031494
337,2014,3,24.735652923584
338,2014,4,20.9374866485596
339,2014,5,20.6563777923584
340,2014,6,21.1496982574463
341,2014,7,21.3128318786621
342,2014,8,21.2162647247314
343,2014,9,20.7311840057373
344,2014,10,21.3516674041748
345,2014,11,21.3621406555176
346,2014,12,20.6552028656006
347,2015,1,20.7140445709229
348,2015,2,20.6193542480469
349,2015,3,21.2580165863037
350,2015,4,20.8710041046143
351,2015,5,20.7933120727539
352,2015,6,20.6921463012695
353,2015,7,20.7456188201904
354,2015,8,20.7945308685303
355,2015,9,20.7785949707031
356,2015,10,20.8205299377441
357,2015,11,20.805627822876
358,2015,12,20.7667675018311
359,2016,1,20.6233367919922
360,2016,2,20.5265941619873
361,2016,3,20.4008750915527
362,2016,4,20.2578983306885
363,2016,5,20.2320137023926
364,2016,6,20.8161602020264
365,2016,7,21.1530818939209
366,2016,8,21.1368217468262
367,2016,9,21.159387588501
368,2016,10,21.1546535491943
369,2016,11,21.2302932739258
370,2016,12,21.0365428924561
371,2017,1,20.8385848999023
372,2017,2,20.6244525909424
373,2017,3,20.6393871307373
374,2017,4,20.7160263061523
375,2017,5,20.8045787811279
376,2017,6,20.9030990600586
377,2017,7,20.8366184234619
378,2017,8,21.0037078857422
379,2017,9,20.9438571929932
380,2017,10,20.8657207489014
381,2017,11,20.8133697509766
382,2017,12,20.789234161377
383,2018,1,20.7261524200439
384,2018,2,20.3480892181396
385,2018,3,20.5226879119873
386,2018,4,20.4794425964355
387,2018,5,20.4756412506104
388,2018,6,20.5484714508057
389,2018,7,20.5603733062744
390,2018,8,20.4035034179688
391,2018,9,19.770206451416
392,2018,10,19.7254829406738
393,2018,11,19.9827880859375
394,2018,12,19.9403781890869
395,2019,1,19.672830581665
396,2019,2,19.6413021087646
397,2019,3,19.6024284362793
398,2019,4,19.4569702148438
399,2019,5,19.3339004516602
400,2019,6,19.1786479949951
401,2019,7,19.1584930419922
402,2019,8,19.1205558776855
403,2019,9,19.1038455963135
404,2019,10,19.1196441650391
405,2019,11,19.1049957275391
406,2019,12,19.0979995727539
407,2020,1,19.0817317962646
408,2020,2,19.1005897521973
409,2020,3,19.0691776275635
410,2020,4,19.0346775054932
411,2020,5,19.0183353424072
412,2020,6,19.2775020599365
413,2020,7,19.4415378570557
414,2020,8,19.9202156066895
415,2020,9,19.3497047424316
416,2020,10,19.0158748626709
417,2020,11,19.8227863311768
418,2021,12,19.0817317962646
419,2022,12,19.0817317962646
420,2023,12,19.0817317962646
421,2024,12,19.0817317962646
422,2025,12,19.0817317962646
