,Year,Month,Conc
0,1986,2,1.0963431596756
1,1986,3,1.08705580234528
2,1986,4,1.09286499023438
3,1986,5,1.08682477474213
4,1986,6,1.08834934234619
5,1986,7,1.08267819881439
6,1986,8,1.08469665050507
7,1986,9,1.09360384941101
8,1986,10,1.07950246334076
9,1986,11,1.07981419563293
10,1986,12,1.07568144798279
11,1987,1,1.07964622974396
12,1987,2,1.07850384712219
13,1987,3,1.08274507522583
14,1987,4,1.08141338825226
15,1987,5,1.08188366889954
16,1987,6,1.08866918087006
17,1987,7,1.07970499992371
18,1987,8,1.09607887268066
19,1987,9,1.08911299705505
20,1987,10,1.08006262779236
21,1987,11,1.08701646327972
22,1987,12,1.0968621969223
23,1988,1,1.06683707237244
24,1988,2,1.06923604011536
25,1988,3,1.06995391845703
26,1988,4,1.07564687728882
27,1988,5,1.07024502754211
28,1988,6,1.07018303871155
29,1988,7,1.0762745141983
30,1988,8,1.05683493614197
31,1988,9,1.016965508461
32,1988,10,1.02168893814087
33,1988,11,1.03329396247864
34,1988,12,1.01946043968201
35,1989,1,1.02289080619812
36,1989,2,1.01798570156097
37,1989,3,1.02706456184387
38,1989,4,1.02433943748474
39,1989,5,1.02589547634125
40,1989,6,1.03747570514679
41,1989,7,1.02966570854187
42,1989,8,1.02682995796204
43,1989,9,1.03387475013733
44,1989,10,1.06137037277222
45,1989,11,1.08051860332489
46,1989,12,1.07087063789368
47,1990,1,1.0696325302124
48,1990,2,1.19665157794952
49,1990,3,1.19442903995514
50,1990,4,1.21031248569489
51,1990,5,1.25050365924835
52,1990,6,1.27681088447571
53,1990,7,1.2761538028717
54,1990,8,1.3050594329834
55,1990,9,1.2953485250473
56,1990,10,1.37094640731812
57,1990,11,1.49166512489319
58,1990,12,1.51396226882935
59,1991,1,1.49251747131348
60,1991,2,1.35558319091797
61,1991,3,1.5242908000946
62,1991,4,1.43296694755554
63,1991,5,1.44883644580841
64,1991,6,1.49841356277466
65,1991,7,1.49447810649872
66,1991,8,1.5555557012558
67,1991,9,1.58567070960999
68,1991,10,1.59473061561584
69,1991,11,1.59151887893677
70,1991,12,1.59366464614868
71,1992,1,1.59301948547363
72,1992,2,1.59674656391144
73,1992,3,1.61279571056366
74,1992,4,1.61387181282043
75,1992,5,1.61014187335968
76,1992,6,1.61022818088531
77,1992,7,1.62317192554474
78,1992,8,1.61464095115662
79,1992,9,1.61703681945801
80,1992,10,1.61291754245758
81,1992,11,1.62470209598541
82,1992,12,1.61089360713959
83,1993,1,1.61160004138947
84,1993,2,1.60705494880676
85,1993,3,1.60889708995819
86,1993,4,1.61351084709167
87,1993,5,1.60080528259277
88,1993,6,1.61678266525269
89,1993,7,1.60929477214813
90,1993,8,1.84208083152771
91,1993,9,2.66260385513306
92,1993,10,2.76990485191345
93,1993,11,2.76860308647156
94,1993,12,2.75814533233643
95,1994,1,2.78138518333435
96,1994,2,2.76853394508362
97,1994,3,2.77504825592041
98,1994,4,2.79889225959778
99,1994,5,2.76214671134949
100,1994,6,2.77276110649109
101,1994,7,2.77678394317627
102,1994,8,2.77149295806885
103,1994,9,2.76253581047058
104,1994,10,2.76316571235657
105,1994,11,2.77599024772644
106,1994,12,2.7734808921814
107,1995,1,2.77452564239502
108,1995,2,2.82546281814575
109,1995,3,2.85322523117065
110,1995,4,3.02147150039673
111,1995,5,3.00953698158264
112,1995,6,2.934739112854
113,1995,7,3.01873207092285
114,1995,8,3.1671667098999
115,1995,9,2.92898535728455
116,1995,10,2.93894553184509
117,1995,11,3.07941579818726
118,1995,12,2.86828660964966
119,1996,1,3.10214567184448
120,1996,2,3.31483697891235
121,1996,3,3.10944128036499
122,1996,4,3.41765475273132
123,1996,5,3.31132507324219
124,1996,6,3.47508907318115
125,1996,7,3.09919500350952
126,1996,8,3.21058678627014
127,1996,9,3.47449612617493
128,1996,10,3.17633891105652
129,1996,11,3.38233852386475
130,1996,12,3.44868516921997
131,1997,1,3.48172378540039
132,1997,2,3.38929224014282
133,1997,3,3.21475577354431
134,1997,4,3.00958681106567
135,1997,5,3.47436237335205
136,1997,6,3.37526345252991
137,1997,7,3.30852842330933
138,1997,8,3.21939754486084
139,1997,9,3.10171270370483
140,1997,10,3.10064578056335
141,1997,11,3.0376603603363
142,1997,12,3.0028395652771
143,1998,1,3.1890172958374
144,1998,2,3.1753032207489
145,1998,3,3.36990785598755
146,1998,4,3.40105843544006
147,1998,5,3.1644606590271
148,1998,6,3.79162263870239
149,1998,7,3.17756056785583
150,1998,8,3.4063241481781
151,1998,9,3.25767397880554
152,1998,10,3.47314238548279
153,1998,11,3.74810147285461
154,1998,12,3.54132199287415
155,1999,1,3.73961186408997
156,1999,2,3.54979014396667
157,1999,3,3.69630241394043
158,1999,4,4.06777572631836
159,1999,5,4.25725555419922
160,1999,6,4.36708307266235
161,1999,7,4.5568962097168
162,1999,8,4.3916130065918
163,1999,9,4.59143686294556
164,1999,10,4.60477828979492
165,1999,11,4.6071195602417
166,1999,12,4.61636304855347
167,2000,1,4.32409334182739
168,2000,2,4.33745765686035
169,2000,3,4.34389209747314
170,2000,4,4.42591047286987
171,2000,5,4.26095104217529
172,2000,6,4.12943315505981
173,2000,7,3.98296689987183
174,2000,8,3.96654057502747
175,2000,9,4.18032026290894
176,2000,10,4.13263893127441
177,2000,11,3.91691613197327
178,2000,12,3.76221704483032
179,2001,1,3.6388475894928
180,2001,2,3.57763457298279
181,2001,3,3.51420927047729
182,2001,4,3.4949357509613
183,2001,5,3.48672151565552
184,2001,6,3.440185546875
185,2001,7,3.37393140792847
186,2001,8,3.35278415679932
187,2001,9,3.29976153373718
188,2001,10,3.23546957969666
189,2001,11,3.16880369186401
190,2001,12,3.12999296188354
191,2002,1,3.13853883743286
192,2002,2,3.15091848373413
193,2002,3,2.97006607055664
194,2002,4,2.85909748077393
195,2002,5,2.89382982254028
196,2002,6,2.87448859214783
197,2002,7,2.87082815170288
198,2002,8,2.83682560920715
199,2002,9,2.83171153068542
200,2002,10,2.82728004455566
201,2002,11,2.82401752471924
202,2002,12,2.82687020301819
203,2003,1,2.81669330596924
204,2003,2,2.84754371643066
205,2003,3,2.86006379127502
206,2003,4,2.87355995178223
207,2003,5,2.89212036132812
208,2003,6,2.84154057502747
209,2003,7,5.64202451705933
210,2003,8,4.1692533493042
211,2003,9,3.64452576637268
212,2003,10,3.78258967399597
213,2003,11,3.57525992393494
214,2003,12,3.60897922515869
215,2004,1,3.1315758228302
216,2004,2,2.60521960258484
217,2004,3,3.12872219085693
218,2004,4,2.57503366470337
219,2004,5,4.67433309555054
220,2004,6,2.58437204360962
221,2004,7,2.62571787834167
222,2004,8,2.60452508926392
223,2004,9,2.59038019180298
224,2004,10,2.60726499557495
225,2004,11,2.60012745857239
226,2004,12,2.72295260429382
227,2005,1,2.80581450462341
228,2005,2,2.81902527809143
229,2005,3,2.77697062492371
230,2005,4,3.03504157066345
231,2005,5,3.35676836967468
232,2005,6,3.48228693008423
233,2005,7,4.04990482330322
234,2005,8,3.46972370147705
235,2005,9,3.39106369018555
236,2005,10,3.00510191917419
237,2005,11,3.44036412239075
238,2005,12,3.37798666954041
239,2006,1,4.22415685653687
240,2006,2,6.04054069519043
241,2006,3,7.11896419525146
242,2006,4,7.55130100250244
243,2006,5,7.62533569335938
244,2006,6,7.59754371643066
245,2006,7,7.47276878356934
246,2006,8,7.31576728820801
247,2006,9,7.47993993759155
248,2006,10,7.44134044647217
249,2006,11,7.36569499969482
250,2006,12,7.35388088226318
251,2007,1,7.3469672203064
252,2007,2,7.27871322631836
253,2007,3,7.28782224655151
254,2007,4,7.29162931442261
255,2007,5,7.29850149154663
256,2007,6,7.28682613372803
257,2007,7,7.25537490844727
258,2007,8,7.1797981262207
259,2007,9,7.15676498413086
260,2007,10,7.10323667526245
261,2007,11,7.08580493927002
262,2007,12,7.09876823425293
263,2008,1,6.9754695892334
264,2008,2,6.96373748779297
265,2008,3,6.91369104385376
266,2008,4,6.87417984008789
267,2008,5,6.8915581703186
268,2008,6,6.92703199386597
269,2008,7,6.45563411712646
270,2008,8,4.57843685150146
271,2008,9,6.13066816329956
272,2008,10,6.64359140396118
273,2008,11,6.1010479927063
274,2008,12,5.90639305114746
275,2009,1,6.10713911056519
276,2009,2,4.90082359313965
277,2009,3,4.86298179626465
278,2009,4,4.77847480773926
279,2009,5,4.66325378417969
280,2009,6,4.2987060546875
281,2009,7,4.27197694778442
282,2009,8,4.23093461990356
283,2009,9,4.22492027282715
284,2009,10,5.72471714019775
285,2009,11,6.48414754867554
286,2009,12,6.03404808044434
287,2010,1,5.7842755317688
288,2010,2,5.53836631774902
289,2010,3,4.32463836669922
290,2010,4,4.40371084213257
291,2010,5,4.40275430679321
292,2010,6,4.48650598526001
293,2010,7,4.39628553390503
294,2010,8,4.46941328048706
295,2010,9,4.6933970451355
296,2010,10,4.68848276138306
297,2010,11,5.06502676010132
298,2010,12,7.96648693084717
299,2011,1,8.07564163208008
300,2011,2,6.79688119888306
301,2011,3,7.35056114196777
302,2011,4,8.33084774017334
303,2011,5,8.58539772033691
304,2011,6,8.96185779571533
305,2011,7,7.07268762588501
306,2011,8,7.14069080352783
307,2011,9,8.24876308441162
308,2011,10,9.27540969848633
309,2011,11,9.22860622406006
310,2011,12,9.34743976593018
311,2012,1,9.44247913360596
312,2012,2,9.44552040100098
313,2012,3,9.63867282867432
314,2012,4,10.0902643203735
315,2012,5,10.2535238265991
316,2012,6,11.3120069503784
317,2012,7,11.3769798278809
318,2012,8,11.5137014389038
319,2012,9,11.5649328231812
320,2012,10,11.5747680664062
321,2012,11,11.5765209197998
322,2012,12,11.5714693069458
323,2013,1,11.5797100067139
324,2013,2,11.5759344100952
325,2013,3,11.6164674758911
326,2013,4,11.5932054519653
327,2013,5,6.836594581604
328,2013,6,7.06854104995728
329,2013,7,7.91338872909546
330,2013,8,8.95139217376709
331,2013,9,8.62983417510986
332,2013,10,7.55188703536987
333,2013,11,8.5059642791748
334,2013,12,8.81827831268311
335,2014,1,8.42260456085205
336,2014,2,6.30617189407349
337,2014,3,6.46953201293945
338,2014,4,6.1201286315918
339,2014,5,6.81583118438721
340,2014,6,7.2362494468689
341,2014,7,9.24711990356445
342,2014,8,10.8756561279297
343,2014,9,7.29500150680542
344,2014,10,7.25633144378662
345,2014,11,7.51128578186035
346,2014,12,7.26297092437744
347,2015,1,7.61092376708984
348,2015,2,7.99708557128906
349,2015,3,10.1847038269043
350,2015,4,7.17238759994507
351,2015,5,6.9530086517334
352,2015,6,7.06522512435913
353,2015,7,6.90156316757202
354,2015,8,7.30614519119263
355,2015,9,9.63919258117676
356,2015,10,9.42356300354004
357,2015,11,7.73909282684326
358,2015,12,5.90189361572266
359,2016,1,5.85816240310669
360,2016,2,5.86803293228149
361,2016,3,5.8969578742981
362,2016,4,5.89797592163086
363,2016,5,5.87649297714233
364,2016,6,5.86178827285767
365,2016,7,5.96952390670776
366,2016,8,6.21651983261108
367,2016,9,6.22191715240479
368,2016,10,6.22931861877441
369,2016,11,6.21790838241577
370,2016,12,6.20710611343384
371,2017,1,6.2051568031311
372,2017,2,6.17997026443481
373,2017,3,6.1712646484375
374,2017,4,6.17508935928345
375,2017,5,6.17694234848022
376,2017,6,6.17083358764648
377,2017,7,6.15728378295898
378,2017,8,6.14209365844727
379,2017,9,6.1331262588501
380,2017,10,6.11967802047729
381,2017,11,6.09942626953125
382,2017,12,6.08009004592896
383,2018,1,6.04740381240845
384,2018,2,6.02986335754395
385,2018,3,6.01905488967896
386,2018,4,6.00198316574097
387,2018,5,5.99000024795532
388,2018,6,5.99676513671875
389,2018,7,6.00216054916382
390,2018,8,6.00630474090576
391,2018,9,6.00980758666992
392,2018,10,6.00453567504883
393,2018,11,6.00011205673218
394,2018,12,5.99497318267822
395,2019,1,5.99089956283569
396,2019,2,5.98465776443481
397,2019,3,5.96089935302734
398,2019,4,5.96689605712891
399,2019,5,5.97026681900024
400,2019,6,5.96633911132812
401,2019,7,5.96714448928833
402,2019,8,5.9655590057373
403,2019,9,5.97390031814575
404,2019,10,5.96575880050659
405,2019,11,5.96126890182495
406,2019,12,5.9628267288208
407,2020,1,5.95999240875244
408,2020,2,5.95383071899414
409,2020,3,5.95868158340454
410,2020,4,5.94900035858154
411,2020,5,5.95038843154907
412,2020,6,5.94645643234253
413,2020,7,5.942626953125
414,2020,8,5.93257570266724
415,2020,9,5.93519878387451
416,2020,10,5.93375253677368
417,2020,11,5.93680381774902
418,2021,12,7.2209064889824885
419,2022,12,7.434396731559839
420,2023,12,7.7140504636238445
421,2024,12,7.970783030785735
422,2025,12,8.359106805326
