,Year,Month,Conc
0,1986,2,0.828180611133575
1,1986,3,0.862680494785309
2,1986,4,0.838006973266602
3,1986,5,0.837111592292786
4,1986,6,0.842977046966553
5,1986,7,0.825964450836182
6,1986,8,0.820922613143921
7,1986,9,0.781673073768616
8,1986,10,0.810241460800171
9,1986,11,0.846974909305573
10,1986,12,0.831377387046814
11,1987,1,0.830615758895874
12,1987,2,0.840401887893677
13,1987,3,0.842734336853027
14,1987,4,0.846093535423279
15,1987,5,0.838307440280914
16,1987,6,0.833293855190277
17,1987,7,0.863196671009064
18,1987,8,0.8470698595047
19,1987,9,0.834281980991364
20,1987,10,0.823689699172974
21,1987,11,0.854611575603485
22,1987,12,0.864718854427338
23,1988,1,0.832589685916901
24,1988,2,0.855208277702332
25,1988,3,1.28178346157074
26,1988,4,1.24783110618591
27,1988,5,1.34561371803284
28,1988,6,1.35701680183411
29,1988,7,1.26717138290405
30,1988,8,1.32160973548889
31,1988,9,1.40344476699829
32,1988,10,1.37842082977295
33,1988,11,1.41474556922913
34,1988,12,1.42608642578125
35,1989,1,1.46455192565918
36,1989,2,1.42137789726257
37,1989,3,1.44373631477356
38,1989,4,1.42627990245819
39,1989,5,1.42040276527405
40,1989,6,1.41562354564667
41,1989,7,1.42892456054688
42,1989,8,1.43783843517303
43,1989,9,1.43635833263397
44,1989,10,1.65024077892303
45,1989,11,1.71301078796387
46,1989,12,1.7472687959671
47,1990,1,1.73314905166626
48,1990,2,1.67361795902252
49,1990,3,1.71132707595825
50,1990,4,1.73741781711578
51,1990,5,1.77764785289764
52,1990,6,1.77935719490051
53,1990,7,1.7961562871933
54,1990,8,1.79267275333405
55,1990,9,1.7946366071701
56,1990,10,1.79596984386444
57,1990,11,1.79648756980896
58,1990,12,1.78607738018036
59,1991,1,1.78645539283752
60,1991,2,1.78096354007721
61,1991,3,1.76866900920868
62,1991,4,1.77249097824097
63,1991,5,1.7790207862854
64,1991,6,1.78233873844147
65,1991,7,1.78634226322174
66,1991,8,1.78685116767883
67,1991,9,1.7827080488205
68,1991,10,1.77895903587341
69,1991,11,1.78889727592468
70,1991,12,1.77777528762817
71,1992,1,1.78767585754395
72,1992,2,2.03487801551819
73,1992,3,2.16105842590332
74,1992,4,2.15233874320984
75,1992,5,2.17060160636902
76,1992,6,2.17913365364075
77,1992,7,2.18393039703369
78,1992,8,2.20589804649353
79,1992,9,2.22419285774231
80,1992,10,2.22121143341064
81,1992,11,2.21394968032837
82,1992,12,2.21390342712402
83,1993,1,2.21085095405579
84,1993,2,2.20924735069275
85,1993,3,2.19491386413574
86,1993,4,2.1782386302948
87,1993,5,2.17974162101746
88,1993,6,1.97831249237061
89,1993,7,2.02395677566528
90,1993,8,2.00451040267944
91,1993,9,2.0145092010498
92,1993,10,2.00150275230408
93,1993,11,2.01880121231079
94,1993,12,2.02468490600586
95,1994,1,1.99908673763275
96,1994,2,2.0094141960144
97,1994,3,2.00816488265991
98,1994,4,1.99038314819336
99,1994,5,2.01046252250671
100,1994,6,1.98884201049805
101,1994,7,1.94704258441925
102,1994,8,1.97296607494354
103,1994,9,1.98961389064789
104,1994,10,1.99192678928375
105,1994,11,1.97833120822906
106,1994,12,1.97973191738129
107,1995,1,1.97827100753784
108,1995,2,1.98649489879608
109,1995,3,1.97734260559082
110,1995,4,1.97712337970734
111,1995,5,1.97026658058167
112,1995,6,1.97313630580902
113,1995,7,1.97682857513428
114,1995,8,1.96776461601257
115,1995,9,1.99065697193146
116,1995,10,1.97073686122894
117,1995,11,1.9750235080719
118,1995,12,1.98375415802002
119,1996,1,2.00758814811707
120,1996,2,2.04482412338257
121,1996,3,2.04972887039185
122,1996,4,2.04062390327454
123,1996,5,2.03941941261292
124,1996,6,2.04210090637207
125,1996,7,2.04359102249146
126,1996,8,2.05254101753235
127,1996,9,2.06793975830078
128,1996,10,2.09813737869263
129,1996,11,2.14857339859009
130,1996,12,2.14959335327148
131,1997,1,2.14047765731812
132,1997,2,2.15118932723999
133,1997,3,2.14821171760559
134,1997,4,2.15105819702148
135,1997,5,2.14122867584229
136,1997,6,2.14561176300049
137,1997,7,2.09132361412048
138,1997,8,2.01090145111084
139,1997,9,1.98494744300842
140,1997,10,1.97879076004028
141,1997,11,1.95875525474548
142,1997,12,1.95122718811035
143,1998,1,1.95932912826538
144,1998,2,1.95477652549744
145,1998,3,1.9521621465683
146,1998,4,1.95298779010773
147,1998,5,1.69758808612823
148,1998,6,1.66110467910767
149,1998,7,1.63268399238586
150,1998,8,1.67505383491516
151,1998,9,1.63027715682983
152,1998,10,1.66397285461426
153,1998,11,1.70252561569214
154,1998,12,1.64789652824402
155,1999,1,1.75343358516693
156,1999,2,1.70568215847015
157,1999,3,1.64471626281738
158,1999,4,1.67017674446106
159,1999,5,1.40887129306793
160,1999,6,1.4019148349762
161,1999,7,1.39224338531494
162,1999,8,1.38285863399506
163,1999,9,1.36603224277496
164,1999,10,1.38179492950439
165,1999,11,1.5421781539917
166,1999,12,1.36196541786194
167,2000,1,1.3368992805481
168,2000,2,1.32891631126404
169,2000,3,1.33704590797424
170,2000,4,1.33251464366913
171,2000,5,1.34599840641022
172,2000,6,1.35859107971191
173,2000,7,1.3539137840271
174,2000,8,1.44582200050354
175,2000,9,1.25603151321411
176,2000,10,1.02119493484497
177,2000,11,1.05392730236053
178,2000,12,0.715128362178802
179,2001,1,0.690922379493713
180,2001,2,0.722701609134674
181,2001,3,0.700967311859131
182,2001,4,0.74025571346283
183,2001,5,0.741989016532898
184,2001,6,0.742449939250946
185,2001,7,0.723036408424377
186,2001,8,0.71239310503006
187,2001,9,0.698760330677032
188,2001,10,0.696639776229858
189,2001,11,0.667059361934662
190,2001,12,0.528929531574249
191,2002,1,0.373102843761444
192,2002,2,0.379992246627808
193,2002,3,0.372114390134811
194,2002,4,0.392450124025345
195,2002,5,0.401897549629211
196,2002,6,0.380083441734314
197,2002,7,0.314842492341995
198,2002,8,0.297723472118378
199,2002,9,0.254619508981705
200,2002,10,0.225121527910233
201,2002,11,0.229289382696152
202,2002,12,0.231754049658775
203,2003,1,0.209877178072929
204,2003,2,0.213196858763695
205,2003,3,0.212996274232864
206,2003,4,0.21829117834568
207,2003,5,0.22589436173439
208,2003,6,0.217392921447754
209,2003,7,0.211649417877197
210,2003,8,0.211544200778008
211,2003,9,0.211405903100967
212,2003,10,0.213233321905136
213,2003,11,0.214798524975777
214,2003,12,0.21487832069397
215,2004,1,0.214403375983238
216,2004,2,0.21486696600914
217,2004,3,0.215109318494797
218,2004,4,0.21681746840477
219,2004,5,0.217108935117722
220,2004,6,0.218720361590385
221,2004,7,0.219425708055496
222,2004,8,0.219723463058472
223,2004,9,0.219547793269157
224,2004,10,0.219619184732437
225,2004,11,0.220458060503006
226,2004,12,0.219952568411827
227,2005,1,0.220583483576775
228,2005,2,0.221000239253044
229,2005,3,0.22091580927372
230,2005,4,0.221797123551369
231,2005,5,0.221572637557983
232,2005,6,0.222228959202766
233,2005,7,0.222573786973953
234,2005,8,0.22226420044899
235,2005,9,0.222623035311699
236,2005,10,0.312619805335999
237,2005,11,0.609123170375824
238,2005,12,0.608104646205902
239,2006,1,0.781593143939972
240,2006,2,1.19269514083862
241,2006,3,1.38105916976929
242,2006,4,1.38279628753662
243,2006,5,1.39390754699707
244,2006,6,1.39330959320068
245,2006,7,1.44107794761658
246,2006,8,1.46485161781311
247,2006,9,1.42724370956421
248,2006,10,1.49403846263885
249,2006,11,1.49254620075226
250,2006,12,1.52202701568604
251,2007,1,1.851895570755
252,2007,2,1.91430175304413
253,2007,3,1.91201543807983
254,2007,4,1.95046854019165
255,2007,5,1.96591067314148
256,2007,6,1.971804022789
257,2007,7,2.01053214073181
258,2007,8,2.02318859100342
259,2007,9,2.02945828437805
260,2007,10,2.02889370918274
261,2007,11,2.03278708457947
262,2007,12,2.04873609542847
263,2008,1,2.05086517333984
264,2008,2,2.05218839645386
265,2008,3,2.06110978126526
266,2008,4,2.06659770011902
267,2008,5,2.06568956375122
268,2008,6,2.07525062561035
269,2008,7,2.07785654067993
270,2008,8,2.09487986564636
271,2008,9,2.1118175983429
272,2008,10,2.12190294265747
273,2008,11,2.1211109161377
274,2008,12,2.12755632400513
275,2009,1,2.12717628479004
276,2009,2,2.13823413848877
277,2009,3,2.14027166366577
278,2009,4,2.14283561706543
279,2009,5,2.14135670661926
280,2009,6,2.14572334289551
281,2009,7,2.14571952819824
282,2009,8,2.1746072769165
283,2009,9,2.16526412963867
284,2009,10,2.15840125083923
285,2009,11,2.16004467010498
286,2009,12,2.16665506362915
287,2010,1,2.15775752067566
288,2010,2,2.15036106109619
289,2010,3,2.15032291412354
290,2010,4,2.1546311378479
291,2010,5,2.16393423080444
292,2010,6,2.16839504241943
293,2010,7,2.13237524032593
294,2010,8,2.10167145729065
295,2010,9,2.07425332069397
296,2010,10,2.06179785728455
297,2010,11,2.07391548156738
298,2010,12,2.08008575439453
299,2011,1,2.07808709144592
300,2011,2,2.07476687431335
301,2011,3,2.08486080169678
302,2011,4,2.11566233634949
303,2011,5,2.11085319519043
304,2011,6,2.12903428077698
305,2011,7,2.11897802352905
306,2011,8,2.05303859710693
307,2011,9,1.99373173713684
308,2011,10,1.95068645477295
309,2011,11,1.96482992172241
310,2011,12,1.95908939838409
311,2012,1,1.95296239852905
312,2012,2,1.94255077838898
313,2012,3,1.92244005203247
314,2012,4,1.90897154808044
315,2012,5,1.89993464946747
316,2012,6,1.89393198490143
317,2012,7,1.88834989070892
318,2012,8,1.87962210178375
319,2012,9,1.88228392601013
320,2012,10,1.89203774929047
321,2012,11,1.89829778671265
322,2012,12,1.90677690505981
323,2013,1,1.91556656360626
324,2013,2,1.92833745479584
325,2013,3,1.92272412776947
326,2013,4,1.92624914646149
327,2013,5,1.93579602241516
328,2013,6,1.90662586688995
329,2013,7,1.88130867481232
330,2013,8,1.87968182563782
331,2013,9,1.87136256694794
332,2013,10,1.86968302726746
333,2013,11,1.8711439371109
334,2013,12,1.86840713024139
335,2014,1,1.86890733242035
336,2014,2,1.87454652786255
337,2014,3,1.88443279266357
338,2014,4,1.87612044811249
339,2014,5,1.87564849853516
340,2014,6,1.87834095954895
341,2014,7,1.88019323348999
342,2014,8,1.86658608913422
343,2014,9,1.85366976261139
344,2014,10,1.84100008010864
345,2014,11,1.82756233215332
346,2014,12,1.79924869537354
347,2015,1,1.78416991233826
348,2015,2,1.77970468997955
349,2015,3,1.78026640415192
350,2015,4,1.78279769420624
351,2015,5,1.78123450279236
352,2015,6,1.78787124156952
353,2015,7,1.78743648529053
354,2015,8,1.78328061103821
355,2015,9,1.77647316455841
356,2015,10,1.77330434322357
357,2015,11,1.77213096618652
358,2015,12,1.773761510849
359,2016,1,1.78767919540405
360,2016,2,1.78708148002625
361,2016,3,1.77985775470734
362,2016,4,1.78264451026917
363,2016,5,1.7776757478714
364,2016,6,1.77445936203003
365,2016,7,1.76866924762726
366,2016,8,1.76603388786316
367,2016,9,1.76660621166229
368,2016,10,1.76562404632568
369,2016,11,1.76618075370789
370,2016,12,1.76018679141998
371,2017,1,1.76004803180695
372,2017,2,1.75279331207275
373,2017,3,1.75477588176727
374,2017,4,1.75252938270569
375,2017,5,1.75178527832031
376,2017,6,1.74907267093658
377,2017,7,1.75209045410156
378,2017,8,1.75078535079956
379,2017,9,1.75557446479797
380,2017,10,1.75774466991425
381,2017,11,1.7522451877594
382,2017,12,1.74286472797394
383,2018,1,1.73420178890228
384,2018,2,1.73219323158264
385,2018,3,1.73036766052246
386,2018,4,1.72802627086639
387,2018,5,1.73094534873962
388,2018,6,1.72667002677917
389,2018,7,1.72083616256714
390,2018,8,1.72009241580963
391,2018,9,1.71717476844788
392,2018,10,1.70556807518005
393,2018,11,1.67083358764648
394,2018,12,1.6543003320694
395,2019,1,1.63720870018005
396,2019,2,1.63203644752502
397,2019,3,1.6275360584259
398,2019,4,1.62568187713623
399,2019,5,1.62678563594818
400,2019,6,1.61215424537659
401,2019,7,1.61295318603516
402,2019,8,1.6107611656189
403,2019,9,1.60019659996033
404,2019,10,1.59267640113831
405,2019,11,1.58434593677521
406,2019,12,1.57627296447754
407,2020,1,1.57127678394318
408,2020,2,1.56357705593109
409,2020,3,1.56036770343781
410,2020,4,1.55351603031158
411,2020,5,1.55252528190613
412,2020,6,1.54892075061798
413,2020,7,1.54934501647949
414,2020,8,1.54835903644562
415,2020,9,1.54836535453796
416,2020,10,1.54510068893433
417,2020,11,1.54063892364502
418,2021,12,1.78416991233826
419,2022,12,1.78416991233826
420,2023,12,1.78416991233826
421,2024,12,1.78416991233826
422,2025,12,1.78416991233826
