,Year,Month,Conc
0,1986,2,2.37640857696533
1,1986,3,2.36012768745422
2,1986,4,2.37483406066895
3,1986,5,2.3517701625824
4,1986,6,2.3564190864563
5,1986,7,2.34512805938721
6,1986,8,2.35178112983704
7,1986,9,2.35942411422729
8,1986,10,2.34041118621826
9,1986,11,2.33330178260803
10,1986,12,2.32903671264648
11,1987,1,2.33381605148315
12,1987,2,2.3385317325592
13,1987,3,2.33525776863098
14,1987,4,2.33231592178345
15,1987,5,2.33412289619446
16,1987,6,2.35451006889343
17,1987,7,2.32272410392761
18,1987,8,2.36731719970703
19,1987,9,2.35537505149841
20,1987,10,2.33102178573608
21,1987,11,2.35564303398132
22,1987,12,2.36396288871765
23,1988,1,2.29365110397339
24,1988,2,2.2971498966217
25,1988,3,2.30400538444519
26,1988,4,2.32914805412292
27,1988,5,2.31365442276001
28,1988,6,2.31225895881653
29,1988,7,2.30764937400818
30,1988,8,2.22124052047729
31,1988,9,2.09189200401306
32,1988,10,2.10346913337708
33,1988,11,2.12963318824768
34,1988,12,2.09520554542542
35,1989,1,2.11071586608887
36,1989,2,2.09347343444824
37,1989,3,2.1179027557373
38,1989,4,2.10728716850281
39,1989,5,2.11528825759888
40,1989,6,2.11941933631897
41,1989,7,2.12495255470276
42,1989,8,2.11610579490662
43,1989,9,2.13741755485535
44,1989,10,2.26310563087463
45,1989,11,2.32298302650452
46,1989,12,2.30321383476257
47,1990,1,2.29986500740051
48,1990,2,2.33467054367065
49,1990,3,2.3128776550293
50,1990,4,2.33559489250183
51,1990,5,2.35352778434753
52,1990,6,2.37208008766174
53,1990,7,2.36324310302734
54,1990,8,2.37341332435608
55,1990,9,2.36607885360718
56,1990,10,2.36805081367493
57,1990,11,2.3604462146759
58,1990,12,2.37120056152344
59,1991,1,2.35040926933289
60,1991,2,2.34945273399353
61,1991,3,2.36835694313049
62,1991,4,2.37727069854736
63,1991,5,2.35664439201355
64,1991,6,2.34091210365295
65,1991,7,2.33968067169189
66,1991,8,2.35785102844238
67,1991,9,2.35697555541992
68,1991,10,2.36960339546204
69,1991,11,2.35905814170837
70,1991,12,2.35737013816833
71,1992,1,2.35927200317383
72,1992,2,2.36120939254761
73,1992,3,2.37827658653259
74,1992,4,2.38022470474243
75,1992,5,2.37814664840698
76,1992,6,2.37837815284729
77,1992,7,2.39296293258667
78,1992,8,2.37791705131531
79,1992,9,2.38192963600159
80,1992,10,2.37622833251953
81,1992,11,2.3915650844574
82,1992,12,2.37247395515442
83,1993,1,2.365642786026
84,1993,2,2.35626029968262
85,1993,3,2.35540366172791
86,1993,4,2.35387468338013
87,1993,5,2.33850526809692
88,1993,6,2.35671305656433
89,1993,7,2.34463500976562
90,1993,8,2.34108877182007
91,1993,9,2.34195780754089
92,1993,10,2.33626651763916
93,1993,11,2.32439184188843
94,1993,12,2.32477307319641
95,1994,1,2.35959362983704
96,1994,2,2.35109281539917
97,1994,3,2.3560094833374
98,1994,4,2.36709189414978
99,1994,5,2.34759879112244
100,1994,6,2.35097813606262
101,1994,7,2.34467911720276
102,1994,8,2.33534526824951
103,1994,9,2.32097387313843
104,1994,10,2.32233691215515
105,1994,11,2.33229875564575
106,1994,12,2.3241879940033
107,1995,1,2.32419466972351
108,1995,2,2.31880736351013
109,1995,3,2.31963777542114
110,1995,4,2.33239722251892
111,1995,5,2.32972049713135
112,1995,6,2.327481508255
113,1995,7,2.33538269996643
114,1995,8,2.3408842086792
115,1995,9,2.32353162765503
116,1995,10,2.34569311141968
117,1995,11,2.43358993530273
118,1995,12,2.45737433433533
119,1996,1,2.46840953826904
120,1996,2,2.48035192489624
121,1996,3,2.47426772117615
122,1996,4,2.49681901931763
123,1996,5,2.49306344985962
124,1996,6,2.52721285820007
125,1996,7,2.51957726478577
126,1996,8,2.52136158943176
127,1996,9,2.54356503486633
128,1996,10,2.52363276481628
129,1996,11,2.52749228477478
130,1996,12,2.53537607192993
131,1997,1,2.5361533164978
132,1997,2,2.53912401199341
133,1997,3,2.53387045860291
134,1997,4,2.52633762359619
135,1997,5,2.57350540161133
136,1997,6,2.58568286895752
137,1997,7,2.58899092674255
138,1997,8,2.59162330627441
139,1997,9,2.61475467681885
140,1997,10,2.63161087036133
141,1997,11,2.62454056739807
142,1997,12,2.58929228782654
143,1998,1,2.58317542076111
144,1998,2,2.55497813224792
145,1998,3,2.50297856330872
146,1998,4,2.49441933631897
147,1998,5,2.50008130073547
148,1998,6,2.46294403076172
149,1998,7,2.43113780021667
150,1998,8,2.45013165473938
151,1998,9,2.45782661437988
152,1998,10,2.54117774963379
153,1998,11,2.60765242576599
154,1998,12,2.62527894973755
155,1999,1,2.68937397003174
156,1999,2,2.6845703125
157,1999,3,2.84293627738953
158,1999,4,3.11126446723938
159,1999,5,3.23064112663269
160,1999,6,3.2893533706665
161,1999,7,3.30870151519775
162,1999,8,3.32074046134949
163,1999,9,3.32781076431274
164,1999,10,3.35297679901123
165,1999,11,3.36638760566711
166,1999,12,3.39977073669434
167,2000,1,3.34635281562805
168,2000,2,3.3412868976593
169,2000,3,3.33865022659302
170,2000,4,3.31184411048889
171,2000,5,3.19355940818787
172,2000,6,3.04876351356506
173,2000,7,2.88483238220215
174,2000,8,2.80073547363281
175,2000,9,2.90061950683594
176,2000,10,2.8704137802124
177,2000,11,2.67094707489014
178,2000,12,2.57098960876465
179,2001,1,2.47026252746582
180,2001,2,2.43478035926819
181,2001,3,2.38124084472656
182,2001,4,2.361159324646
183,2001,5,2.35653424263
184,2001,6,2.34870100021362
185,2001,7,2.34327507019043
186,2001,8,2.34914541244507
187,2001,9,2.31440305709839
188,2001,10,2.33116054534912
189,2001,11,2.26889157295227
190,2001,12,2.26329040527344
191,2002,1,2.29088997840881
192,2002,2,2.35010623931885
193,2002,3,2.40343832969666
194,2002,4,2.42171740531921
195,2002,5,2.46560001373291
196,2002,6,2.45470428466797
197,2002,7,2.47024273872375
198,2002,8,2.46317338943481
199,2002,9,2.47945547103882
200,2002,10,2.50029802322388
201,2002,11,2.60154557228088
202,2002,12,2.67244052886963
203,2003,1,2.70244026184082
204,2003,2,2.72201371192932
205,2003,3,2.73930644989014
206,2003,4,2.74257016181946
207,2003,5,2.78495287895203
208,2003,6,2.78192591667175
209,2003,7,2.84875917434692
210,2003,8,2.8628134727478
211,2003,9,2.86268711090088
212,2003,10,2.90049195289612
213,2003,11,2.90951251983643
214,2003,12,2.89617466926575
215,2004,1,2.91874408721924
216,2004,2,2.90956568717957
217,2004,3,2.91528224945068
218,2004,4,2.9117591381073
219,2004,5,2.9335150718689
220,2004,6,2.92939519882202
221,2004,7,2.93535423278809
222,2004,8,2.92798352241516
223,2004,9,2.93058562278748
224,2004,10,2.93621778488159
225,2004,11,2.93953776359558
226,2004,12,2.95416378974915
227,2005,1,2.95404267311096
228,2005,2,2.95933032035828
229,2005,3,2.96240210533142
230,2005,4,2.96240448951721
231,2005,5,2.93736243247986
232,2005,6,2.9265718460083
233,2005,7,2.92286515235901
234,2005,8,2.9012610912323
235,2005,9,2.90573859214783
236,2005,10,2.89118790626526
237,2005,11,2.92332530021667
238,2005,12,2.93321967124939
239,2006,1,2.94087839126587
240,2006,2,2.95273637771606
241,2006,3,2.97692370414734
242,2006,4,2.98281264305115
243,2006,5,3.00637578964233
244,2006,6,3.00029039382935
245,2006,7,3.00528120994568
246,2006,8,3.03402280807495
247,2006,9,3.06548309326172
248,2006,10,3.09657001495361
249,2006,11,3.09452247619629
250,2006,12,3.12947416305542
251,2007,1,3.14171814918518
252,2007,2,3.13811182975769
253,2007,3,3.16982126235962
254,2007,4,3.17891478538513
255,2007,5,3.17266225814819
256,2007,6,3.17853689193726
257,2007,7,3.17825436592102
258,2007,8,3.18739485740662
259,2007,9,3.17424631118774
260,2007,10,3.1804256439209
261,2007,11,3.18464851379395
262,2007,12,3.19249033927917
263,2008,1,3.19790244102478
264,2008,2,3.19341993331909
265,2008,3,3.18674683570862
266,2008,4,3.18059182167053
267,2008,5,3.19483113288879
268,2008,6,3.17939329147339
269,2008,7,3.15501976013184
270,2008,8,3.13849711418152
271,2008,9,3.09474802017212
272,2008,10,3.08383560180664
273,2008,11,3.06578207015991
274,2008,12,3.06716895103455
275,2009,1,3.04219532012939
276,2009,2,3.0435471534729
277,2009,3,3.04518628120422
278,2009,4,3.0540931224823
279,2009,5,3.04395627975464
280,2009,6,3.0550172328949
281,2009,7,3.02404522895813
282,2009,8,2.99824786186218
283,2009,9,3.00273656845093
284,2009,10,3.04623651504517
285,2009,11,3.05320882797241
286,2009,12,3.05501246452332
287,2010,1,3.06671667098999
288,2010,2,3.09465956687927
289,2010,3,3.11559319496155
290,2010,4,3.14261102676392
291,2010,5,3.16053366661072
292,2010,6,3.18471622467041
293,2010,7,3.16986203193665
294,2010,8,3.18865203857422
295,2010,9,3.20615983009338
296,2010,10,3.20601105690002
297,2010,11,3.22187972068787
298,2010,12,3.20102334022522
299,2011,1,3.21982312202454
300,2011,2,3.36266779899597
301,2011,3,3.37725019454956
302,2011,4,3.42136979103088
303,2011,5,3.47179865837097
304,2011,6,3.48783326148987
305,2011,7,3.53497695922852
306,2011,8,3.63289546966553
307,2011,9,3.6198878288269
308,2011,10,3.62282252311707
309,2011,11,3.70041108131409
310,2011,12,3.72815370559692
311,2012,1,3.79222917556763
312,2012,2,4.02026510238647
313,2012,3,4.09300088882446
314,2012,4,4.15890073776245
315,2012,5,4.18475961685181
316,2012,6,4.17383432388306
317,2012,7,4.1513991355896
318,2012,8,4.18816471099854
319,2012,9,4.21071672439575
320,2012,10,4.23964595794678
321,2012,11,4.23704481124878
322,2012,12,4.26428651809692
323,2013,1,4.28330421447754
324,2013,2,4.29610872268677
325,2013,3,4.32710742950439
326,2013,4,4.33794450759888
327,2013,5,4.32171058654785
328,2013,6,4.31384944915771
329,2013,7,4.29888296127319
330,2013,8,4.28918313980103
331,2013,9,4.28520774841309
332,2013,10,4.27333068847656
333,2013,11,4.26918792724609
334,2013,12,4.29295444488525
335,2014,1,4.29406404495239
336,2014,2,4.29677248001099
337,2014,3,4.31383657455444
338,2014,4,4.32818174362183
339,2014,5,4.33744716644287
340,2014,6,4.29730033874512
341,2014,7,4.23512077331543
342,2014,8,4.16417694091797
343,2014,9,4.15848159790039
344,2014,10,4.1591329574585
345,2014,11,4.15807914733887
346,2014,12,4.1673321723938
347,2015,1,4.15774869918823
348,2015,2,4.16643238067627
349,2015,3,4.16526079177856
350,2015,4,4.15131711959839
351,2015,5,4.15612077713013
352,2015,6,4.16113615036011
353,2015,7,4.15290784835815
354,2015,8,4.14880514144897
355,2015,9,4.15630531311035
356,2015,10,4.15783929824829
357,2015,11,4.15909194946289
358,2015,12,4.16465902328491
359,2016,1,4.15405321121216
360,2016,2,4.15604829788208
361,2016,3,4.16131210327148
362,2016,4,4.16034412384033
363,2016,5,4.15598440170288
364,2016,6,4.15322256088257
365,2016,7,4.15404844284058
366,2016,8,4.15123462677002
367,2016,9,4.1567587852478
368,2016,10,4.15708112716675
369,2016,11,4.14955759048462
370,2016,12,4.14580678939819
371,2017,1,4.14855813980103
372,2017,2,4.13646554946899
373,2017,3,4.14533805847168
374,2017,4,4.14826583862305
375,2017,5,4.14909267425537
376,2017,6,4.15630722045898
377,2017,7,4.16354608535767
378,2017,8,4.16351127624512
379,2017,9,4.16226863861084
380,2017,10,4.16206884384155
381,2017,11,4.15159273147583
382,2017,12,4.13767385482788
383,2018,1,4.10762405395508
384,2018,2,4.11311864852905
385,2018,3,4.07520961761475
386,2018,4,4.04794931411743
387,2018,5,4.02821063995361
388,2018,6,4.01366901397705
389,2018,7,4.02002811431885
390,2018,8,4.03715562820435
391,2018,9,4.04209995269775
392,2018,10,4.02060508728027
393,2018,11,4.02706098556519
394,2018,12,4.02259588241577
395,2019,1,4.02285957336426
396,2019,2,4.02769756317139
397,2019,3,4.0273585319519
398,2019,4,4.03041362762451
399,2019,5,4.03403377532959
400,2019,6,4.03121614456177
401,2019,7,4.03384685516357
402,2019,8,4.0177264213562
403,2019,9,4.0371994972229
404,2019,10,4.02121925354004
405,2019,11,4.01672983169556
406,2019,12,4.01978349685669
407,2020,1,4.02021265029907
408,2020,2,4.01537656784058
409,2020,3,4.02901554107666
410,2020,4,4.0192985534668
411,2020,5,4.0193943977356
412,2020,6,4.01165533065796
413,2020,7,4.01847171783447
414,2020,8,4.02190160751343
415,2020,9,4.02393102645874
416,2020,10,4.02280378341675
417,2020,11,4.01979446411133
418,2021,12,4.441263991085404
419,2022,12,4.526618948791079
420,2023,12,4.611973906496753
421,2024,12,4.697562713401622
422,2025,12,4.782917671107296
