,Year,Month,Conc
0,1986,2,9.4920482635498
1,1986,3,9.46972370147705
2,1986,4,9.47256469726562
3,1986,5,9.45973014831543
4,1986,6,9.46627998352051
5,1986,7,9.47134208679199
6,1986,8,9.47201824188232
7,1986,9,9.46944999694824
8,1986,10,9.46722030639648
9,1986,11,9.46703243255615
10,1986,12,9.46581268310547
11,1987,1,9.45832824707031
12,1987,2,9.46381282806396
13,1987,3,9.46878433227539
14,1987,4,9.47851467132568
15,1987,5,9.51209163665771
16,1987,6,9.51687717437744
17,1987,7,9.52298641204834
18,1987,8,9.52558326721191
19,1987,9,9.54509830474854
20,1987,10,9.53487300872803
21,1987,11,9.55148506164551
22,1987,12,9.56395626068115
23,1988,1,9.548996925354
24,1988,2,9.56507205963135
25,1988,3,9.56717109680176
26,1988,4,9.61221981048584
27,1988,5,9.63832950592041
28,1988,6,9.64000511169434
29,1988,7,9.63879776000977
30,1988,8,9.66552448272705
31,1988,9,9.66766834259033
32,1988,10,9.67000198364258
33,1988,11,9.66172885894775
34,1988,12,9.7156400680542
35,1989,1,9.72316741943359
36,1989,2,9.704421043396
37,1989,3,9.73055839538574
38,1989,4,9.87885665893555
39,1989,5,9.88984870910645
40,1989,6,9.88629341125488
41,1989,7,9.89204406738281
42,1989,8,9.89268398284912
43,1989,9,9.90159893035889
44,1989,10,9.92935657501221
45,1989,11,9.94784736633301
46,1989,12,9.99130153656006
47,1990,1,10.0056552886963
48,1990,2,10.1866674423218
49,1990,3,10.2115936279297
50,1990,4,10.2331924438477
51,1990,5,10.2231225967407
52,1990,6,10.2167940139771
53,1990,7,10.2244491577148
54,1990,8,10.0951309204102
55,1990,9,10.1428728103638
56,1990,10,10.2019510269165
57,1990,11,10.2046222686768
58,1990,12,10.2728252410889
59,1991,1,10.2153472900391
60,1991,2,10.0309457778931
61,1991,3,10.0158100128174
62,1991,4,10.0317783355713
63,1991,5,10.0410604476929
64,1991,6,10.0425872802734
65,1991,7,9.99561786651611
66,1991,8,9.64117813110352
67,1991,9,9.38782501220703
68,1991,10,9.39211940765381
69,1991,11,9.40268898010254
70,1991,12,9.40065383911133
71,1992,1,9.372239112854
72,1992,2,9.35954761505127
73,1992,3,9.36780071258545
74,1992,4,9.39025497436523
75,1992,5,9.39051818847656
76,1992,6,9.36887073516846
77,1992,7,9.37156963348389
78,1992,8,9.37379932403564
79,1992,9,9.37987613677979
80,1992,10,9.35823059082031
81,1992,11,9.35238933563232
82,1992,12,9.42301940917969
83,1993,1,9.48740577697754
84,1993,2,9.50769805908203
85,1993,3,9.60757350921631
86,1993,4,9.66345119476318
87,1993,5,9.73208427429199
88,1993,6,9.85065937042236
89,1993,7,9.8812370300293
90,1993,8,9.9362154006958
91,1993,9,9.78008651733398
92,1993,10,9.90877342224121
93,1993,11,9.9651927947998
94,1993,12,10.0072383880615
95,1994,1,10.0399942398071
96,1994,2,10.051342010498
97,1994,3,10.0423221588135
98,1994,4,10.0217838287354
99,1994,5,10.0349998474121
100,1994,6,10.0314149856567
101,1994,7,10.0368413925171
102,1994,8,10.0312776565552
103,1994,9,10.0301685333252
104,1994,10,10.0302457809448
105,1994,11,9.90746974945068
106,1994,12,9.85601615905762
107,1995,1,9.86067676544189
108,1995,2,9.8850212097168
109,1995,3,9.88715267181396
110,1995,4,9.95691680908203
111,1995,5,10.256685256958
112,1995,6,10.2942590713501
113,1995,7,10.2947082519531
114,1995,8,10.2813940048218
115,1995,9,10.42249584198
116,1995,10,10.630277633667
117,1995,11,10.5931835174561
118,1995,12,10.5030040740967
119,1996,1,10.4898443222046
120,1996,2,10.5298614501953
121,1996,3,10.5618762969971
122,1996,4,10.7553386688232
123,1996,5,10.7389650344849
124,1996,6,10.7092247009277
125,1996,7,10.6049089431763
126,1996,8,10.5936374664307
127,1996,9,10.6175146102905
128,1996,10,10.6821823120117
129,1996,11,10.6872053146362
130,1996,12,10.6034631729126
131,1997,1,10.58118724823
132,1997,2,10.5551605224609
133,1997,3,10.483546257019
134,1997,4,10.4867553710938
135,1997,5,10.3276357650757
136,1997,6,10.1695585250854
137,1997,7,10.2079648971558
138,1997,8,9.65917205810547
139,1997,9,8.10464954376221
140,1997,10,5.21214914321899
141,1997,11,5.68817043304443
142,1997,12,6.14074182510376
143,1998,1,5.80475091934204
144,1998,2,5.79875993728638
145,1998,3,6.41513538360596
146,1998,4,6.59805297851562
147,1998,5,5.70406103134155
148,1998,6,6.30944538116455
149,1998,7,5.58841943740845
150,1998,8,8.0333194732666
151,1998,9,9.89791011810303
152,1998,10,9.95225238800049
153,1998,11,9.98471736907959
154,1998,12,9.96836090087891
155,1999,1,10.0010614395142
156,1999,2,10.0146150588989
157,1999,3,10.0611534118652
158,1999,4,10.1516075134277
159,1999,5,10.1568422317505
160,1999,6,10.1701765060425
161,1999,7,10.1833419799805
162,1999,8,10.2505044937134
163,1999,9,10.3374805450439
164,1999,10,10.3353538513184
165,1999,11,10.1955184936523
166,1999,12,10.356484413147
167,2000,1,10.189453125
168,2000,2,10.7985744476318
169,2000,3,11.9201011657715
170,2000,4,11.922456741333
171,2000,5,12.0687417984009
172,2000,6,12.1485986709595
173,2000,7,12.1315326690674
174,2000,8,12.0804576873779
175,2000,9,12.0712718963623
176,2000,10,12.1223220825195
177,2000,11,12.0099582672119
178,2000,12,12.0413703918457
179,2001,1,12.1177215576172
180,2001,2,11.9154806137085
181,2001,3,11.7821578979492
182,2001,4,11.7219476699829
183,2001,5,11.6906080245972
184,2001,6,11.6276111602783
185,2001,7,11.1994962692261
186,2001,8,11.1469650268555
187,2001,9,11.3537855148315
188,2001,10,11.5221633911133
189,2001,11,11.5706653594971
190,2001,12,11.6273889541626
191,2002,1,11.8867015838623
192,2002,2,12.2185230255127
193,2002,3,12.2168245315552
194,2002,4,12.1000471115112
195,2002,5,12.055516242981
196,2002,6,11.9616613388062
197,2002,7,11.8276777267456
198,2002,8,11.7723150253296
199,2002,9,11.7314519882202
200,2002,10,11.3483657836914
201,2002,11,11.2202653884888
202,2002,12,11.2700872421265
203,2003,1,11.1080980300903
204,2003,2,11.0126752853394
205,2003,3,11.1037330627441
206,2003,4,11.108304977417
207,2003,5,10.8770208358765
208,2003,6,10.8298082351685
209,2003,7,10.4628286361694
210,2003,8,9.14137649536133
211,2003,9,8.60451984405518
212,2003,10,9.17199897766113
213,2003,11,9.37545204162598
214,2003,12,9.39404773712158
215,2004,1,9.31749725341797
216,2004,2,9.25946140289307
217,2004,3,9.34482288360596
218,2004,4,9.25120258331299
219,2004,5,9.20060157775879
220,2004,6,9.16834735870361
221,2004,7,9.11801910400391
222,2004,8,8.96515560150146
223,2004,9,8.93065547943115
224,2004,10,8.93760585784912
225,2004,11,8.93470478057861
226,2004,12,8.97896099090576
227,2005,1,8.99423122406006
228,2005,2,8.97009944915771
229,2005,3,8.96031284332275
230,2005,4,8.94318103790283
231,2005,5,8.92988014221191
232,2005,6,8.90813636779785
233,2005,7,8.86381340026855
234,2005,8,8.69127941131592
235,2005,9,8.63617897033691
236,2005,10,8.89009094238281
237,2005,11,8.7520809173584
238,2005,12,8.86968994140625
239,2006,1,8.80254364013672
240,2006,2,8.80411624908447
241,2006,3,8.74171733856201
242,2006,4,8.70974636077881
243,2006,5,8.63076496124268
244,2006,6,8.63266086578369
245,2006,7,8.700026512146
246,2006,8,8.92275810241699
247,2006,9,9.0056209564209
248,2006,10,9.02743721008301
249,2006,11,9.15294551849365
250,2006,12,9.31638431549072
251,2007,1,9.44719886779785
252,2007,2,9.43411731719971
253,2007,3,9.45167636871338
254,2007,4,9.48100757598877
255,2007,5,9.52994060516357
256,2007,6,9.67644309997559
257,2007,7,9.63640117645264
258,2007,8,9.70876026153564
259,2007,9,9.77213191986084
260,2007,10,9.98368740081787
261,2007,11,10.7386999130249
262,2007,12,10.9532747268677
263,2008,1,11.0098447799683
264,2008,2,10.9355983734131
265,2008,3,10.9583263397217
266,2008,4,11.026930809021
267,2008,5,11.0302181243896
268,2008,6,11.023024559021
269,2008,7,11.0966577529907
270,2008,8,11.2470169067383
271,2008,9,11.2229423522949
272,2008,10,11.3587627410889
273,2008,11,11.6567621231079
274,2008,12,11.6820163726807
275,2009,1,11.7122087478638
276,2009,2,11.8307495117188
277,2009,3,12.0847148895264
278,2009,4,12.2036972045898
279,2009,5,12.4259805679321
280,2009,6,12.0858545303345
281,2009,7,11.9991931915283
282,2009,8,12.0921306610107
283,2009,9,12.3080348968506
284,2009,10,12.1558456420898
285,2009,11,12.3674898147583
286,2009,12,12.3837251663208
287,2010,1,12.3525342941284
288,2010,2,12.4044313430786
289,2010,3,12.4082851409912
290,2010,4,12.4218912124634
291,2010,5,12.4795169830322
292,2010,6,12.8616876602173
293,2010,7,12.6161727905273
294,2010,8,12.7899074554443
295,2010,9,12.8014307022095
296,2010,10,12.8816041946411
297,2010,11,12.7399215698242
298,2010,12,12.684796333313
299,2011,1,12.7831907272339
300,2011,2,12.5667181015015
301,2011,3,12.5584011077881
302,2011,4,12.6793537139893
303,2011,5,12.8181200027466
304,2011,6,12.8201704025269
305,2011,7,12.8766002655029
306,2011,8,12.8357849121094
307,2011,9,13.291784286499
308,2011,10,13.5089635848999
309,2011,11,13.6795892715454
310,2011,12,13.74338722229
311,2012,1,13.7171068191528
312,2012,2,13.7319736480713
313,2012,3,13.8531970977783
314,2012,4,13.9560928344727
315,2012,5,13.9773874282837
316,2012,6,13.9902400970459
317,2012,7,14.0494899749756
318,2012,8,14.1663389205933
319,2012,9,14.051025390625
320,2012,10,14.0884056091309
321,2012,11,14.1045951843262
322,2012,12,13.8256216049194
323,2013,1,13.9299373626709
324,2013,2,14.0744657516479
325,2013,3,14.4217481613159
326,2013,4,14.0372819900513
327,2013,5,14.2757682800293
328,2013,6,14.2668390274048
329,2013,7,14.3274097442627
330,2013,8,14.3407344818115
331,2013,9,14.2670974731445
332,2013,10,13.7267999649048
333,2013,11,13.7372512817383
334,2013,12,13.8603744506836
335,2014,1,14.2395515441895
336,2014,2,14.5625400543213
337,2014,3,14.6376667022705
338,2014,4,11.5848016738892
339,2014,5,11.288233757019
340,2014,6,12.1994895935059
341,2014,7,12.3502025604248
342,2014,8,12.1262722015381
343,2014,9,11.3415927886963
344,2014,10,12.4091033935547
345,2014,11,12.4665861129761
346,2014,12,11.3014726638794
347,2015,1,11.4022808074951
348,2015,2,11.3308715820312
349,2015,3,12.4937009811401
350,2015,4,11.8453550338745
351,2015,5,11.486382484436
352,2015,6,11.2467584609985
353,2015,7,11.4467353820801
354,2015,8,11.5298347473145
355,2015,9,11.4869766235352
356,2015,10,11.5456886291504
357,2015,11,11.5510730743408
358,2015,12,11.5044460296631
359,2016,1,11.9816446304321
360,2016,2,11.8216190338135
361,2016,3,11.7439613342285
362,2016,4,11.6967391967773
363,2016,5,11.7590160369873
364,2016,6,12.7837295532227
365,2016,7,13.4326410293579
366,2016,8,13.5069055557251
367,2016,9,13.5091924667358
368,2016,10,13.5497179031372
369,2016,11,13.7086229324341
370,2016,12,13.3700704574585
371,2017,1,13.2588653564453
372,2017,2,13.0351428985596
373,2017,3,12.9642925262451
374,2017,4,13.0201683044434
375,2017,5,13.1787929534912
376,2017,6,13.3441066741943
377,2017,7,13.1190414428711
378,2017,8,13.3545417785645
379,2017,9,13.2937622070312
380,2017,10,13.306266784668
381,2017,11,13.2131824493408
382,2017,12,13.1688270568848
383,2018,1,13.1257963180542
384,2018,2,12.4561891555786
385,2018,3,12.86549949646
386,2018,4,12.7441072463989
387,2018,5,12.7623348236084
388,2018,6,12.8680601119995
389,2018,7,12.902813911438
390,2018,8,12.5959501266479
391,2018,9,11.5187015533447
392,2018,10,11.1340084075928
393,2018,11,11.4297819137573
394,2018,12,11.4355974197388
395,2019,1,10.975733757019
396,2019,2,10.6678237915039
397,2019,3,10.6636543273926
398,2019,4,10.5663747787476
399,2019,5,10.1118240356445
400,2019,6,9.39801597595215
401,2019,7,9.73161602020264
402,2019,8,8.94338798522949
403,2019,9,9.59120750427246
404,2019,10,9.95315742492676
405,2019,11,9.85978984832764
406,2019,12,9.9013147354126
407,2020,1,9.7126407623291
408,2020,2,8.93460750579834
409,2020,3,8.98905372619629
410,2020,4,8.90345478057861
411,2020,5,8.99724197387695
412,2020,6,9.64395999908447
413,2020,7,8.79036331176758
414,2020,8,9.6991605758667
415,2020,9,8.78543186187744
416,2020,10,8.44867134094238
417,2020,11,9.78126049041748
418,2021,12,9.598168182373048
419,2022,12,9.598168182373048
420,2023,12,9.598168182373048
421,2024,12,9.598168182373048
422,2025,12,9.598168182373048
