,Year,Month,Conc
0,1986,2,19.9218120574951
1,1986,3,19.915153503418
2,1986,4,19.9080257415771
3,1986,5,19.9630088806152
4,1986,6,19.8840084075928
5,1986,7,19.8730735778809
6,1986,8,19.8565044403076
7,1986,9,19.8729724884033
8,1986,10,19.85813331604
9,1986,11,19.9115810394287
10,1986,12,19.8969898223877
11,1987,1,19.9099445343018
12,1987,2,19.8727684020996
13,1987,3,19.9220485687256
14,1987,4,19.9023323059082
15,1987,5,19.8928661346436
16,1987,6,19.8942718505859
17,1987,7,19.9357509613037
18,1987,8,19.9295120239258
19,1987,9,19.9045505523682
20,1987,10,19.9356002807617
21,1987,11,19.9150238037109
22,1987,12,20.0115909576416
23,1988,1,20.0224761962891
24,1988,2,20.0615329742432
25,1988,3,20.0774250030518
26,1988,4,19.9885005950928
27,1988,5,19.9718170166016
28,1988,6,20.0531005859375
29,1988,7,20.1047897338867
30,1988,8,20.1441631317139
31,1988,9,20.0581340789795
32,1988,10,20.0232181549072
33,1988,11,20.07887840271
34,1988,12,20.1347846984863
35,1989,1,20.1822376251221
36,1989,2,20.6196708679199
37,1989,3,20.8211154937744
38,1989,4,21.0948429107666
39,1989,5,21.0818309783936
40,1989,6,21.0778350830078
41,1989,7,21.2189426422119
42,1989,8,21.1760215759277
43,1989,9,21.1647205352783
44,1989,10,21.2317180633545
45,1989,11,21.3699550628662
46,1989,12,21.3666801452637
47,1990,1,21.288366317749
48,1990,2,21.2727813720703
49,1990,3,21.2670612335205
50,1990,4,21.2317790985107
51,1990,5,21.0963611602783
52,1990,6,21.1288032531738
53,1990,7,20.9771957397461
54,1990,8,20.7198104858398
55,1990,9,20.6873455047607
56,1990,10,20.5014095306396
57,1990,11,19.9439353942871
58,1990,12,19.9902229309082
59,1991,1,19.9438514709473
60,1991,2,19.9422454833984
61,1991,3,19.9797420501709
62,1991,4,19.9765281677246
63,1991,5,20.3713111877441
64,1991,6,20.6704006195068
65,1991,7,20.9142150878906
66,1991,8,23.7247009277344
67,1991,9,26.8581771850586
68,1991,10,26.1445922851562
69,1991,11,26.9794044494629
70,1991,12,27.0494518280029
71,1992,1,27.2778186798096
72,1992,2,25.9024257659912
73,1992,3,21.683479309082
74,1992,4,21.7509384155273
75,1992,5,21.950065612793
76,1992,6,20.7852954864502
77,1992,7,21.216329574585
78,1992,8,21.263542175293
79,1992,9,21.0774307250977
80,1992,10,20.877571105957
81,1992,11,21.0968647003174
82,1992,12,20.1136741638184
83,1993,1,20.3809585571289
84,1993,2,19.6612796783447
85,1993,3,19.4336624145508
86,1993,4,19.4270839691162
87,1993,5,19.2169303894043
88,1993,6,18.5074405670166
89,1993,7,18.223913192749
90,1993,8,17.8228397369385
91,1993,9,18.5275211334229
92,1993,10,18.3836402893066
93,1993,11,18.0524806976318
94,1993,12,17.7021293640137
95,1994,1,17.1070308685303
96,1994,2,16.998966217041
97,1994,3,16.3878803253174
98,1994,4,15.8726377487183
99,1994,5,16.1191520690918
100,1994,6,15.6807813644409
101,1994,7,15.1000003814697
102,1994,8,15.1555128097534
103,1994,9,15.1838760375977
104,1994,10,15.0567770004272
105,1994,11,14.9684734344482
106,1994,12,14.7739877700806
107,1995,1,14.6106662750244
108,1995,2,14.6388521194458
109,1995,3,14.5414705276489
110,1995,4,14.3054046630859
111,1995,5,14.3276033401489
112,1995,6,14.2264537811279
113,1995,7,13.8393669128418
114,1995,8,13.8294277191162
115,1995,9,13.899712562561
116,1995,10,13.7361841201782
117,1995,11,13.5864686965942
118,1995,12,12.6481704711914
119,1996,1,11.4521408081055
120,1996,2,11.2984304428101
121,1996,3,10.7225074768066
122,1996,4,10.4162254333496
123,1996,5,10.1109771728516
124,1996,6,9.89509105682373
125,1996,7,9.69038963317871
126,1996,8,9.58616542816162
127,1996,9,9.50578498840332
128,1996,10,9.46443748474121
129,1996,11,9.46143817901611
130,1996,12,9.746169090271
131,1997,1,9.75680351257324
132,1997,2,9.75763893127441
133,1997,3,9.64011573791504
134,1997,4,9.7031717300415
135,1997,5,9.5725564956665
136,1997,6,9.49750232696533
137,1997,7,9.05785655975342
138,1997,8,8.94735717773438
139,1997,9,8.91062450408936
140,1997,10,8.54847145080566
141,1997,11,8.56686878204346
142,1997,12,8.4526891708374
143,1998,1,8.42020416259766
144,1998,2,8.45207786560059
145,1998,3,8.48807144165039
146,1998,4,8.52119827270508
147,1998,5,8.48039722442627
148,1998,6,8.23248291015625
149,1998,7,8.32113838195801
150,1998,8,8.31435203552246
151,1998,9,8.11101245880127
152,1998,10,8.13322925567627
153,1998,11,8.20044994354248
154,1998,12,8.21824550628662
155,1999,1,8.40024852752686
156,1999,2,8.26875686645508
157,1999,3,8.28083992004395
158,1999,4,8.26385021209717
159,1999,5,8.06761646270752
160,1999,6,7.70965957641602
161,1999,7,7.62611818313599
162,1999,8,7.58903503417969
163,1999,9,7.49150562286377
164,1999,10,7.59826564788818
165,1999,11,7.63677740097046
166,1999,12,7.67927074432373
167,2000,1,7.36271524429321
168,2000,2,7.14504671096802
169,2000,3,7.01741552352905
170,2000,4,6.93954277038574
171,2000,5,7.00928926467896
172,2000,6,6.89750909805298
173,2000,7,6.90915584564209
174,2000,8,6.73962640762329
175,2000,9,6.4625186920166
176,2000,10,6.32764148712158
177,2000,11,6.25487756729126
178,2000,12,6.04198312759399
179,2001,1,5.85274028778076
180,2001,2,5.92303562164307
181,2001,3,5.95479774475098
182,2001,4,5.96935892105103
183,2001,5,5.9031286239624
184,2001,6,5.98624658584595
185,2001,7,6.22086524963379
186,2001,8,6.41767454147339
187,2001,9,7.45672035217285
188,2001,10,8.21285057067871
189,2001,11,8.7155122756958
190,2001,12,8.82218647003174
191,2002,1,9.07931900024414
192,2002,2,9.48471260070801
193,2002,3,9.72043323516846
194,2002,4,9.96200847625732
195,2002,5,10.3588495254517
196,2002,6,10.5691585540771
197,2002,7,10.7116718292236
198,2002,8,10.8677740097046
199,2002,9,11.495433807373
200,2002,10,12.1409864425659
201,2002,11,12.3350105285645
202,2002,12,12.3795099258423
203,2003,1,12.509407043457
204,2003,2,12.5936288833618
205,2003,3,12.6805629730225
206,2003,4,12.7277746200562
207,2003,5,12.6705141067505
208,2003,6,12.5303401947021
209,2003,7,12.7005395889282
210,2003,8,12.7911252975464
211,2003,9,12.7986059188843
212,2003,10,12.8013534545898
213,2003,11,12.8847932815552
214,2003,12,12.9377412796021
215,2004,1,12.859748840332
216,2004,2,12.902642250061
217,2004,3,12.8681344985962
218,2004,4,12.9587116241455
219,2004,5,13.0654487609863
220,2004,6,13.0149450302124
221,2004,7,12.9006719589233
222,2004,8,12.8091230392456
223,2004,9,12.8145503997803
224,2004,10,12.8024549484253
225,2004,11,12.7604236602783
226,2004,12,12.779748916626
227,2005,1,12.7327880859375
228,2005,2,12.6958379745483
229,2005,3,12.6972303390503
230,2005,4,12.6518201828003
231,2005,5,12.6114521026611
232,2005,6,12.6167097091675
233,2005,7,12.5707454681396
234,2005,8,12.6010599136353
235,2005,9,12.5947866439819
236,2005,10,12.5632085800171
237,2005,11,12.5274696350098
238,2005,12,12.5429077148438
239,2006,1,12.5217666625977
240,2006,2,12.4393930435181
241,2006,3,12.3533115386963
242,2006,4,12.3335704803467
243,2006,5,12.2735691070557
244,2006,6,12.2610998153687
245,2006,7,12.1993389129639
246,2006,8,12.0629024505615
247,2006,9,12.0221815109253
248,2006,10,11.9875268936157
249,2006,11,11.9175844192505
250,2006,12,11.917857170105
251,2007,1,11.913966178894
252,2007,2,11.8455848693848
253,2007,3,11.8572645187378
254,2007,4,11.8489942550659
255,2007,5,11.8519687652588
256,2007,6,11.8667287826538
257,2007,7,11.8439455032349
258,2007,8,11.7643737792969
259,2007,9,11.7014722824097
260,2007,10,11.6486568450928
261,2007,11,11.5644464492798
262,2007,12,11.5847263336182
263,2008,1,11.555778503418
264,2008,2,11.5529689788818
265,2008,3,11.4665403366089
266,2008,4,11.4316301345825
267,2008,5,11.4473257064819
268,2008,6,11.4412574768066
269,2008,7,11.3972396850586
270,2008,8,11.3613681793213
271,2008,9,11.3205614089966
272,2008,10,11.3145732879639
273,2008,11,11.3441343307495
274,2008,12,11.3553638458252
275,2009,1,11.2816324234009
276,2009,2,11.2100038528442
277,2009,3,11.2061614990234
278,2009,4,11.2049036026001
279,2009,5,11.1936445236206
280,2009,6,11.1670370101929
281,2009,7,11.1575155258179
282,2009,8,11.1257858276367
283,2009,9,11.1295881271362
284,2009,10,11.1487903594971
285,2009,11,11.1503257751465
286,2009,12,11.1522130966187
287,2010,1,11.1522626876831
288,2010,2,11.1128530502319
289,2010,3,11.1140155792236
290,2010,4,11.1160984039307
291,2010,5,11.0904626846313
292,2010,6,11.0810070037842
293,2010,7,10.8811407089233
294,2010,8,10.4643573760986
295,2010,9,10.3780679702759
296,2010,10,10.3610906600952
297,2010,11,10.3473854064941
298,2010,12,10.2656116485596
299,2011,1,10.2616033554077
300,2011,2,9.98024082183838
301,2011,3,9.91951560974121
302,2011,4,9.79827213287354
303,2011,5,9.6805534362793
304,2011,6,9.62954044342041
305,2011,7,9.46586418151855
306,2011,8,8.25451564788818
307,2011,9,7.44436550140381
308,2011,10,7.09874963760376
309,2011,11,6.79188013076782
310,2011,12,6.67265224456787
311,2012,1,6.62348556518555
312,2012,2,6.52917146682739
313,2012,3,6.49084663391113
314,2012,4,6.45223093032837
315,2012,5,6.43112230300903
316,2012,6,6.41226148605347
317,2012,7,6.30557298660278
318,2012,8,6.26317644119263
319,2012,9,6.23980188369751
320,2012,10,6.23459005355835
321,2012,11,6.26827049255371
322,2012,12,6.2549090385437
323,2013,1,6.25409984588623
324,2013,2,6.23856449127197
325,2013,3,6.21457672119141
326,2013,4,6.19903707504272
327,2013,5,6.17289113998413
328,2013,6,6.0866904258728
329,2013,7,6.03164482116699
330,2013,8,5.99536800384521
331,2013,9,5.96761798858643
332,2013,10,5.93276309967041
333,2013,11,5.82391500473022
334,2013,12,5.7916841506958
335,2014,1,5.74239253997803
336,2014,2,5.65974521636963
337,2014,3,5.55825567245483
338,2014,4,5.51198482513428
339,2014,5,5.46589231491089
340,2014,6,5.22956371307373
341,2014,7,5.11467742919922
342,2014,8,5.00988531112671
343,2014,9,4.88028573989868
344,2014,10,4.70698928833008
345,2014,11,4.60295057296753
346,2014,12,4.52327871322632
347,2015,1,4.4954195022583
348,2015,2,4.46186637878418
349,2015,3,4.50123643875122
350,2015,4,4.48139142990112
351,2015,5,4.45913457870483
352,2015,6,4.44547271728516
353,2015,7,4.44525289535522
354,2015,8,4.42163801193237
355,2015,9,4.41067171096802
356,2015,10,4.38127422332764
357,2015,11,4.31703042984009
358,2015,12,4.30136919021606
359,2016,1,4.26860237121582
360,2016,2,4.25037908554077
361,2016,3,4.2035436630249
362,2016,4,4.1926383972168
363,2016,5,4.18132543563843
364,2016,6,4.17592668533325
365,2016,7,4.12995719909668
366,2016,8,4.08191776275635
367,2016,9,4.07934761047363
368,2016,10,4.04761981964111
369,2016,11,4.03549098968506
370,2016,12,4.03889608383179
371,2017,1,4.02067899703979
372,2017,2,3.93802905082703
373,2017,3,3.90722703933716
374,2017,4,3.90628695487976
375,2017,5,3.89001202583313
376,2017,6,3.89944553375244
377,2017,7,3.89571237564087
378,2017,8,3.88839221000671
379,2017,9,3.8718638420105
380,2017,10,3.84891319274902
381,2017,11,3.79134345054626
382,2017,12,3.7563362121582
383,2018,1,3.72264957427979
384,2018,2,3.68035078048706
385,2018,3,3.65692281723022
386,2018,4,3.62887811660767
387,2018,5,3.58705449104309
388,2018,6,3.57800102233887
389,2018,7,3.57381272315979
390,2018,8,3.51360011100769
391,2018,9,3.48215055465698
392,2018,10,3.4389328956604
393,2018,11,3.30999040603638
394,2018,12,3.29007148742676
395,2019,1,3.26149749755859
396,2019,2,3.24895453453064
397,2019,3,3.22768068313599
398,2019,4,3.21691226959229
399,2019,5,3.19281649589539
400,2019,6,3.17274570465088
401,2019,7,3.1673891544342
402,2019,8,3.12265491485596
403,2019,9,3.10871458053589
404,2019,10,3.09386014938354
405,2019,11,3.07832169532776
406,2019,12,3.05416679382324
407,2020,1,3.04408502578735
408,2020,2,3.0316915512085
409,2020,3,2.99214744567871
410,2020,4,2.87727069854736
411,2020,5,2.87694239616394
412,2020,6,2.91847920417786
413,2020,7,2.86337947845459
414,2020,8,2.86086320877075
415,2020,9,2.78315138816833
416,2020,10,2.79605841636658
417,2020,11,2.72393560409546
418,2021,12,2.8024142125920655
419,2022,12,2.571419188085686
420,2023,12,2.350800369599624
421,2024,12,2.1397173544075088
422,2025,12,1.9389913973533353
