,Year,Month,Conc
0,1986,2,5.20539283752441
1,1986,3,5.15241575241089
2,1986,4,5.16333198547363
3,1986,5,5.16949415206909
4,1986,6,5.17378425598145
5,1986,7,5.16293096542358
6,1986,8,5.17499399185181
7,1986,9,5.22389984130859
8,1986,10,5.13240242004395
9,1986,11,5.1540207862854
10,1986,12,5.12638521194458
11,1987,1,5.14612627029419
12,1987,2,5.10648345947266
13,1987,3,5.1626238822937
14,1987,4,5.14984178543091
15,1987,5,5.15001678466797
16,1987,6,5.16060066223145
17,1987,7,5.15100574493408
18,1987,8,5.19979572296143
19,1987,9,5.15105581283569
20,1987,10,5.13403940200806
21,1987,11,5.15020036697388
22,1987,12,5.23894023895264
23,1988,1,5.12836933135986
24,1988,2,5.14408779144287
25,1988,3,5.14559125900269
26,1988,4,5.13282537460327
27,1988,5,5.11189079284668
28,1988,6,5.12178564071655
29,1988,7,5.19103765487671
30,1988,8,5.22545289993286
31,1988,9,5.13259410858154
32,1988,10,5.1372275352478
33,1988,11,5.19486474990845
34,1988,12,5.13862085342407
35,1989,1,5.14840650558472
36,1989,2,5.11880350112915
37,1989,3,5.17781448364258
38,1989,4,5.17903757095337
39,1989,5,5.15766859054565
40,1989,6,5.21745300292969
41,1989,7,5.17346334457397
42,1989,8,5.14977693557739
43,1989,9,5.17054271697998
44,1989,10,5.14139842987061
45,1989,11,5.17617797851562
46,1989,12,5.12478590011597
47,1990,1,5.11358118057251
48,1990,2,5.20913600921631
49,1990,3,5.15870380401611
50,1990,4,5.18825149536133
51,1990,5,5.17519760131836
52,1990,6,5.20865345001221
53,1990,7,5.10347461700439
54,1990,8,5.14522171020508
55,1990,9,5.13044548034668
56,1990,10,5.14627647399902
57,1990,11,5.12602186203003
58,1990,12,5.20359039306641
59,1991,1,5.11435317993164
60,1991,2,5.09606122970581
61,1991,3,5.1300311088562
62,1991,4,5.19255447387695
63,1991,5,5.16731071472168
64,1991,6,5.11619234085083
65,1991,7,5.10407781600952
66,1991,8,5.14248991012573
67,1991,9,5.12725687026978
68,1991,10,5.17496252059937
69,1991,11,5.11351156234741
70,1991,12,5.12042856216431
71,1992,1,5.09700918197632
72,1992,2,5.07923936843872
73,1992,3,5.14620876312256
74,1992,4,5.1287636756897
75,1992,5,5.04851627349854
76,1992,6,5.00588369369507
77,1992,7,5.07765769958496
78,1992,8,5.0646390914917
79,1992,9,5.03496789932251
80,1992,10,5.02761840820312
81,1992,11,5.1393723487854
82,1992,12,5.20351457595825
83,1993,1,5.26483917236328
84,1993,2,5.21767473220825
85,1993,3,5.31745195388794
86,1993,4,5.4392671585083
87,1993,5,5.38982915878296
88,1993,6,5.60135364532471
89,1993,7,5.57018041610718
90,1993,8,5.57201290130615
91,1993,9,5.62657022476196
92,1993,10,5.6126914024353
93,1993,11,5.59691858291626
94,1993,12,5.52295446395874
95,1994,1,5.56755828857422
96,1994,2,5.52606105804443
97,1994,3,5.52036428451538
98,1994,4,5.54842138290405
99,1994,5,5.42548894882202
100,1994,6,5.43412065505981
101,1994,7,5.43351745605469
102,1994,8,5.41579675674438
103,1994,9,5.40577983856201
104,1994,10,5.44416904449463
105,1994,11,5.39515924453735
106,1994,12,5.31118440628052
107,1995,1,5.27417945861816
108,1995,2,5.25579643249512
109,1995,3,5.26108503341675
110,1995,4,5.41224718093872
111,1995,5,6.00823068618774
112,1995,6,6.18104791641235
113,1995,7,6.2246732711792
114,1995,8,6.36987590789795
115,1995,9,7.04658842086792
116,1995,10,7.82039499282837
117,1995,11,8.02984046936035
118,1995,12,8.24528408050537
119,1996,1,8.43700885772705
120,1996,2,8.4697380065918
121,1996,3,8.67924785614014
122,1996,4,9.39929389953613
123,1996,5,9.68951892852783
124,1996,6,9.69547462463379
125,1996,7,9.84535503387451
126,1996,8,9.9631462097168
127,1996,9,10.1631879806519
128,1996,10,10.6827354431152
129,1996,11,10.9785642623901
130,1996,12,11.2834548950195
131,1997,1,11.42746925354
132,1997,2,11.4036417007446
133,1997,3,11.5353212356567
134,1997,4,11.641752243042
135,1997,5,11.7543783187866
136,1997,6,11.9220743179321
137,1997,7,12.7462644577026
138,1997,8,15.5116872787476
139,1997,9,20.083589553833
140,1997,10,20.0764656066895
141,1997,11,21.6872158050537
142,1997,12,22.0989189147949
143,1998,1,22.3988437652588
144,1998,2,22.798168182373
145,1998,3,22.90061378479
146,1998,4,23.3388004302979
147,1998,5,24.6598472595215
148,1998,6,27.7102298736572
149,1998,7,31.8621654510498
150,1998,8,35.4191055297852
151,1998,9,37.1725654602051
152,1998,10,38.9236946105957
153,1998,11,39.2712593078613
154,1998,12,39.3582344055176
155,1999,1,40.595027923584
156,1999,2,42.932788848877
157,1999,3,57.2042350769043
158,1999,4,60.2301712036133
159,1999,5,60.7771606445312
160,1999,6,62.1914825439453
161,1999,7,66.5019454956055
162,1999,8,71.0553283691406
163,1999,9,72.5280990600586
164,1999,10,73.3720397949219
165,1999,11,73.0232086181641
166,1999,12,72.6248931884766
167,2000,1,72.0698318481445
168,2000,2,71.7417602539062
169,2000,3,71.0686492919922
170,2000,4,71.2006683349609
171,2000,5,71.5625457763672
172,2000,6,71.4319305419922
173,2000,7,71.1067352294922
174,2000,8,71.4382247924805
175,2000,9,70.3971862792969
176,2000,10,72.971305847168
177,2000,11,69.5687866210938
178,2000,12,68.7570190429688
179,2001,1,69.1435852050781
180,2001,2,69.9428253173828
181,2001,3,72.0818786621094
182,2001,4,72.1470794677734
183,2001,5,70.4775543212891
184,2001,6,70.8913192749023
185,2001,7,72.2100830078125
186,2001,8,72.9472122192383
187,2001,9,73.230224609375
188,2001,10,74.0069732666016
189,2001,11,75.8464813232422
190,2001,12,75.0706100463867
191,2002,1,76.1593856811523
192,2002,2,77.6468353271484
193,2002,3,78.0524826049805
194,2002,4,79.3019180297852
195,2002,5,79.1483001708984
196,2002,6,79.0110473632812
197,2002,7,79.3974304199219
198,2002,8,79.2013244628906
199,2002,9,79.9006729125977
200,2002,10,80.4764862060547
201,2002,11,80.3314208984375
202,2002,12,79.9794540405273
203,2003,1,80.3534088134766
204,2003,2,80.9898300170898
205,2003,3,81.6523971557617
206,2003,4,82.0863342285156
207,2003,5,82.6960067749023
208,2003,6,82.8995742797852
209,2003,7,83.3993072509766
210,2003,8,83.3955841064453
211,2003,9,83.1316833496094
212,2003,10,83.5084686279297
213,2003,11,85.3243560791016
214,2003,12,84.9951248168945
215,2004,1,85.8931655883789
216,2004,2,85.4720230102539
217,2004,3,85.3523101806641
218,2004,4,85.019287109375
219,2004,5,85.7445602416992
220,2004,6,85.2736968994141
221,2004,7,85.170783996582
222,2004,8,85.0123519897461
223,2004,9,84.9888458251953
224,2004,10,85.1630401611328
225,2004,11,84.9033279418945
226,2004,12,85.6099853515625
227,2005,1,85.8272247314453
228,2005,2,86.2948303222656
229,2005,3,86.0780029296875
230,2005,4,87.0293960571289
231,2005,5,87.8214797973633
232,2005,6,88.1549224853516
233,2005,7,88.8519897460938
234,2005,8,89.5327987670898
235,2005,9,89.9660110473633
236,2005,10,90.8008117675781
237,2005,11,91.0094528198242
238,2005,12,91.0754699707031
239,2006,1,91.3726806640625
240,2006,2,91.3623657226562
241,2006,3,91.6311111450195
242,2006,4,92.4699783325195
243,2006,5,93.1392364501953
244,2006,6,92.8103179931641
245,2006,7,94.3271789550781
246,2006,8,96.5447387695312
247,2006,9,97.0912628173828
248,2006,10,100.144645690918
249,2006,11,101.301635742188
250,2006,12,101.88395690918
251,2007,1,102.198516845703
252,2007,2,103.56664276123
253,2007,3,104.354438781738
254,2007,4,103.806594848633
255,2007,5,103.335586547852
256,2007,6,104.212463378906
257,2007,7,104.798652648926
258,2007,8,104.921882629395
259,2007,9,105.518325805664
260,2007,10,106.060791015625
261,2007,11,106.824829101562
262,2007,12,107.075370788574
263,2008,1,107.288475036621
264,2008,2,107.982940673828
265,2008,3,108.135528564453
266,2008,4,108.419860839844
267,2008,5,108.999961853027
268,2008,6,109.115943908691
269,2008,7,108.727180480957
270,2008,8,109.313941955566
271,2008,9,108.974746704102
272,2008,10,109.721656799316
273,2008,11,110.515022277832
274,2008,12,110.449928283691
275,2009,1,110.916397094727
276,2009,2,110.916831970215
277,2009,3,111.06298828125
278,2009,4,111.469825744629
279,2009,5,112.291351318359
280,2009,6,112.63028717041
281,2009,7,114.081687927246
282,2009,8,116.233612060547
283,2009,9,116.661010742188
284,2009,10,116.01309967041
285,2009,11,116.640815734863
286,2009,12,117.337005615234
287,2010,1,117.597358703613
288,2010,2,118.053215026855
289,2010,3,118.327102661133
290,2010,4,118.550857543945
291,2010,5,118.352272033691
292,2010,6,118.784423828125
293,2010,7,118.32283782959
294,2010,8,118.332878112793
295,2010,9,118.805854797363
296,2010,10,119.674263000488
297,2010,11,120.247177124023
298,2010,12,120.949226379395
299,2011,1,120.68579864502
300,2011,2,119.889198303223
301,2011,3,119.536071777344
302,2011,4,117.738906860352
303,2011,5,114.433502197266
304,2011,6,113.778861999512
305,2011,7,113.32600402832
306,2011,8,109.005249023438
307,2011,9,107.089134216309
308,2011,10,104.641777038574
309,2011,11,104.392036437988
310,2011,12,103.304702758789
311,2012,1,103.53295135498
312,2012,2,106.394180297852
313,2012,3,107.746612548828
314,2012,4,110.51961517334
315,2012,5,111.657569885254
316,2012,6,112.826927185059
317,2012,7,112.729476928711
318,2012,8,113.176200866699
319,2012,9,113.346420288086
320,2012,10,113.702835083008
321,2012,11,115.701820373535
322,2012,12,117.106636047363
323,2013,1,121.293334960938
324,2013,2,124.429679870605
325,2013,3,128.429733276367
326,2013,4,133.113342285156
327,2013,5,138.628768920898
328,2013,6,139.27668762207
329,2013,7,140.552368164062
330,2013,8,142.048324584961
331,2013,9,144.197708129883
332,2013,10,140.696960449219
333,2013,11,139.305145263672
334,2013,12,140.507904052734
335,2014,1,141.238723754883
336,2014,2,142.234924316406
337,2014,3,142.998428344727
338,2014,4,157.678802490234
339,2014,5,166.082427978516
340,2014,6,171.905181884766
341,2014,7,175.972885131836
342,2014,8,179.27214050293
343,2014,9,180.208770751953
344,2014,10,184.200561523438
345,2014,11,186.366897583008
346,2014,12,185.413558959961
347,2015,1,186.938110351562
348,2015,2,191.23893737793
349,2015,3,192.147399902344
350,2015,4,191.837493896484
351,2015,5,191.689514160156
352,2015,6,192.691558837891
353,2015,7,195.348373413086
354,2015,8,196.922836303711
355,2015,9,196.908187866211
356,2015,10,197.035369873047
357,2015,11,198.278625488281
358,2015,12,200.070083618164
359,2016,1,200.401580810547
360,2016,2,200.467330932617
361,2016,3,199.216644287109
362,2016,4,199.59765625
363,2016,5,200.250671386719
364,2016,6,199.483169555664
365,2016,7,197.820892333984
366,2016,8,197.11051940918
367,2016,9,196.811660766602
368,2016,10,196.846649169922
369,2016,11,197.286697387695
370,2016,12,197.091461181641
371,2017,1,195.760025024414
372,2017,2,195.526275634766
373,2017,3,194.639053344727
374,2017,4,193.696823120117
375,2017,5,191.661376953125
376,2017,6,192.052658081055
377,2017,7,191.552993774414
378,2017,8,190.399124145508
379,2017,9,190.654235839844
380,2017,10,189.574981689453
381,2017,11,189.463073730469
382,2017,12,189.699310302734
383,2018,1,189.240142822266
384,2018,2,188.617828369141
385,2018,3,188.099380493164
386,2018,4,187.887802124023
387,2018,5,186.921752929688
388,2018,6,185.779006958008
389,2018,7,186.3359375
390,2018,8,186.2890625
391,2018,9,186.458847045898
392,2018,10,187.639526367188
393,2018,11,187.92756652832
394,2018,12,187.115936279297
395,2019,1,184.975036621094
396,2019,2,185.263244628906
397,2019,3,185.197875976562
398,2019,4,185.910140991211
399,2019,5,182.540222167969
400,2019,6,181.593673706055
401,2019,7,181.489868164062
402,2019,8,181.631866455078
403,2019,9,181.819915771484
404,2019,10,181.904342651367
405,2019,11,182.291442871094
406,2019,12,182.121063232422
407,2020,1,181.344970703125
408,2020,2,181.855041503906
409,2020,3,181.504837036133
410,2020,4,181.639022827148
411,2020,5,181.137939453125
412,2020,6,181.484420776367
413,2020,7,181.424591064453
414,2020,8,181.403015136719
415,2020,9,181.502914428711
416,2020,10,181.867462158203
417,2020,11,181.696075439453
418,2021,12,181.344970703125
419,2022,12,181.344970703125
420,2023,12,181.344970703125
421,2024,12,181.344970703125
422,2025,12,181.344970703125
