,Year,Month,Conc
0,1986,2,1323.29479980469
1,1986,3,1322.37316894531
2,1986,4,1315.50158691406
3,1986,5,1325.91613769531
4,1986,6,1317.54223632812
5,1986,7,1314.92211914062
6,1986,8,1305.74145507812
7,1986,9,1313.50634765625
8,1986,10,1306.61865234375
9,1986,11,1320.18981933594
10,1986,12,1306.28552246094
11,1987,1,1343.25012207031
12,1987,2,1377.39733886719
13,1987,3,1384.63464355469
14,1987,4,1391.57788085938
15,1987,5,1393.96594238281
16,1987,6,1400.68359375
17,1987,7,1435.8466796875
18,1987,8,1472.900390625
19,1987,9,1497.947265625
20,1987,10,1685.11791992188
21,1987,11,1849.76647949219
22,1987,12,1890.58776855469
23,1988,1,1960.12841796875
24,1988,2,2038.81713867188
25,1988,3,2022.57080078125
26,1988,4,2125.43579101562
27,1988,5,2229.142578125
28,1988,6,2236.08715820312
29,1988,7,2264.05493164062
30,1988,8,2205.87475585938
31,1988,9,2124.58959960938
32,1988,10,2131.58447265625
33,1988,11,2141.49609375
34,1988,12,2679.42016601562
35,1989,1,3115.24975585938
36,1989,2,3276.3515625
37,1989,3,3282.63940429688
38,1989,4,3447.76782226562
39,1989,5,3452.93310546875
40,1989,6,3444.35522460938
41,1989,7,3483.65234375
42,1989,8,3513.59936523438
43,1989,9,3497.48681640625
44,1989,10,3489.7412109375
45,1989,11,3406.25317382812
46,1989,12,3401.47192382812
47,1990,1,3384.38110351562
48,1990,2,3923.783203125
49,1990,3,4004.33129882812
50,1990,4,3991.40063476562
51,1990,5,4036.712890625
52,1990,6,4039.87841796875
53,1990,7,4058.90747070312
54,1990,8,4068.83569335938
55,1990,9,4077.359375
56,1990,10,4068.94506835938
57,1990,11,4146.0234375
58,1990,12,4161.91552734375
59,1991,1,4153.5009765625
60,1991,2,4167.798828125
61,1991,3,4170.84130859375
62,1991,4,4142.4599609375
63,1991,5,4080.60864257812
64,1991,6,4106.78759765625
65,1991,7,4108.59375
66,1991,8,4121.15087890625
67,1991,9,4184.306640625
68,1991,10,4133.36376953125
69,1991,11,4130.91796875
70,1991,12,4152.7919921875
71,1992,1,4138.27392578125
72,1992,2,4139.880859375
73,1992,3,4045.1455078125
74,1992,4,4062.36840820312
75,1992,5,4001.81787109375
76,1992,6,3925.02221679688
77,1992,7,3868.71435546875
78,1992,8,3906.63549804688
79,1992,9,3842.18603515625
80,1992,10,3855.43725585938
81,1992,11,3654.71875
82,1992,12,3519.1767578125
83,1993,1,3532.46459960938
84,1993,2,3504.4052734375
85,1993,3,3414.40771484375
86,1993,4,3450.95263671875
87,1993,5,3355.46655273438
88,1993,6,3102.04541015625
89,1993,7,3165.3046875
90,1993,8,3135.88256835938
91,1993,9,3320.2783203125
92,1993,10,3335.27587890625
93,1993,11,3365.2470703125
94,1993,12,3350.046875
95,1994,1,3344.79248046875
96,1994,2,3337.46557617188
97,1994,3,3331.63110351562
98,1994,4,3346.12353515625
99,1994,5,3294.4697265625
100,1994,6,3292.70288085938
101,1994,7,3306.361328125
102,1994,8,3285.54248046875
103,1994,9,3271.25170898438
104,1994,10,3165.48071289062
105,1994,11,3130.88916015625
106,1994,12,3176.78393554688
107,1995,1,3154.26611328125
108,1995,2,3129.74853515625
109,1995,3,3146.50341796875
110,1995,4,3174.74877929688
111,1995,5,3166.58618164062
112,1995,6,3175.53369140625
113,1995,7,3176.08471679688
114,1995,8,3149.724609375
115,1995,9,3134.42358398438
116,1995,10,3141.81982421875
117,1995,11,3173.68798828125
118,1995,12,3189.00439453125
119,1996,1,3255.359375
120,1996,2,3256.439453125
121,1996,3,3368.54223632812
122,1996,4,3405.37255859375
123,1996,5,3409.21533203125
124,1996,6,3407.27709960938
125,1996,7,3409.08154296875
126,1996,8,3405.91333007812
127,1996,9,3375.74487304688
128,1996,10,3389.07958984375
129,1996,11,3438.64892578125
130,1996,12,3443.216796875
131,1997,1,3440.9951171875
132,1997,2,3398.86254882812
133,1997,3,3406.47900390625
134,1997,4,3418.1708984375
135,1997,5,3473.23388671875
136,1997,6,3490.04858398438
137,1997,7,3495.87866210938
138,1997,8,3520.70922851562
139,1997,9,3610.0771484375
140,1997,10,3720.97583007812
141,1997,11,3843.03466796875
142,1997,12,3838.57690429688
143,1998,1,3735.17407226562
144,1998,2,3670.93212890625
145,1998,3,3527.947265625
146,1998,4,3528.9130859375
147,1998,5,3550.85595703125
148,1998,6,3535.31762695312
149,1998,7,3481.06494140625
150,1998,8,3447.67260742188
151,1998,9,3257.72094726562
152,1998,10,3099.796875
153,1998,11,3193.69116210938
154,1998,12,3200.61450195312
155,1999,1,3172.76049804688
156,1999,2,3053.21264648438
157,1999,3,3000.36938476562
158,1999,4,2975.46606445312
159,1999,5,2872.2685546875
160,1999,6,2821.60473632812
161,1999,7,2707.21313476562
162,1999,8,2684.72436523438
163,1999,9,2654.59033203125
164,1999,10,2638.1728515625
165,1999,11,2629.87036132812
166,1999,12,2450.43359375
167,2000,1,2381.97314453125
168,2000,2,2348.2373046875
169,2000,3,2329.48071289062
170,2000,4,2334.75146484375
171,2000,5,2324.10815429688
172,2000,6,2234.22412109375
173,2000,7,2206.51684570312
174,2000,8,2193.44799804688
175,2000,9,2148.921875
176,2000,10,2137.07153320312
177,2000,11,2130.95849609375
178,2000,12,2124.89013671875
179,2001,1,2095.53271484375
180,2001,2,2084.283203125
181,2001,3,2081.19799804688
182,2001,4,2020.96862792969
183,2001,5,1950.42626953125
184,2001,6,1873.50524902344
185,2001,7,1855.12255859375
186,2001,8,1776.12292480469
187,2001,9,1708.05419921875
188,2001,10,1647.03967285156
189,2001,11,1469.38647460938
190,2001,12,1326.84875488281
191,2002,1,1279.34985351562
192,2002,2,1234.85107421875
193,2002,3,1200.36682128906
194,2002,4,1142.77807617188
195,2002,5,1099.63623046875
196,2002,6,1029.91027832031
197,2002,7,948.054931640625
198,2002,8,806.419372558594
199,2002,9,806.581726074219
200,2002,10,799.804870605469
201,2002,11,790.35693359375
202,2002,12,788.792053222656
203,2003,1,784.631591796875
204,2003,2,774.825988769531
205,2003,3,771.927612304688
206,2003,4,759.684936523438
207,2003,5,749.34912109375
208,2003,6,730.575988769531
209,2003,7,421.164703369141
210,2003,8,309.136993408203
211,2003,9,308.615936279297
212,2003,10,295.500671386719
213,2003,11,283.105407714844
214,2003,12,282.580780029297
215,2004,1,280.740814208984
216,2004,2,272.649780273438
217,2004,3,250.681411743164
218,2004,4,240.527770996094
219,2004,5,237.064468383789
220,2004,6,235.486740112305
221,2004,7,231.953094482422
222,2004,8,231.82080078125
223,2004,9,233.005905151367
224,2004,10,231.066467285156
225,2004,11,228.688873291016
226,2004,12,228.710632324219
227,2005,1,228.099761962891
228,2005,2,225.816162109375
229,2005,3,234.175247192383
230,2005,4,227.518096923828
231,2005,5,256.667205810547
232,2005,6,240.216064453125
233,2005,7,206.74462890625
234,2005,8,200.449127197266
235,2005,9,194.050827026367
236,2005,10,191.534103393555
237,2005,11,198.532745361328
238,2005,12,197.498825073242
239,2006,1,192.597763061523
240,2006,2,182.801040649414
241,2006,3,192.799758911133
242,2006,4,194.676406860352
243,2006,5,212.371505737305
244,2006,6,235.857147216797
245,2006,7,231.721466064453
246,2006,8,229.111251831055
247,2006,9,227.979797363281
248,2006,10,224.984222412109
249,2006,11,219.380661010742
250,2006,12,216.362640380859
251,2007,1,215.148895263672
252,2007,2,214.765518188477
253,2007,3,212.785186767578
254,2007,4,210.05451965332
255,2007,5,208.734237670898
256,2007,6,188.287719726562
257,2007,7,151.405670166016
258,2007,8,167.423858642578
259,2007,9,202.598968505859
260,2007,10,201.123336791992
261,2007,11,195.946365356445
262,2007,12,193.697784423828
263,2008,1,192.755950927734
264,2008,2,193.467041015625
265,2008,3,192.509735107422
266,2008,4,197.194671630859
267,2008,5,199.947982788086
268,2008,6,199.709228515625
269,2008,7,198.530990600586
270,2008,8,193.449981689453
271,2008,9,191.980514526367
272,2008,10,190.231658935547
273,2008,11,186.062469482422
274,2008,12,185.728652954102
275,2009,1,185.304718017578
276,2009,2,185.548553466797
277,2009,3,184.507247924805
278,2009,4,184.002380371094
279,2009,5,183.508666992188
280,2009,6,183.226104736328
281,2009,7,182.394256591797
282,2009,8,177.831130981445
283,2009,9,177.028564453125
284,2009,10,175.123291015625
285,2009,11,172.998062133789
286,2009,12,172.51643371582
287,2010,1,172.343215942383
288,2010,2,171.922424316406
289,2010,3,171.964981079102
290,2010,4,171.697555541992
291,2010,5,171.144058227539
292,2010,6,170.760208129883
293,2010,7,168.479934692383
294,2010,8,166.175994873047
295,2010,9,165.62858581543
296,2010,10,166.270111083984
297,2010,11,165.850143432617
298,2010,12,166.038711547852
299,2011,1,166.523422241211
300,2011,2,166.729049682617
301,2011,3,165.115097045898
302,2011,4,164.841690063477
303,2011,5,162.980834960938
304,2011,6,161.445816040039
305,2011,7,155.712280273438
306,2011,8,150.4677734375
307,2011,9,149.95964050293
308,2011,10,144.442901611328
309,2011,11,139.548187255859
310,2011,12,139.549499511719
311,2012,1,136.792572021484
312,2012,2,133.539413452148
313,2012,3,133.031280517578
314,2012,4,133.05632019043
315,2012,5,132.708755493164
316,2012,6,130.830810546875
317,2012,7,130.605712890625
318,2012,8,130.581726074219
319,2012,9,129.833541870117
320,2012,10,129.475830078125
321,2012,11,129.602035522461
322,2012,12,128.740280151367
323,2013,1,127.850776672363
324,2013,2,127.443923950195
325,2013,3,126.967056274414
326,2013,4,126.666984558105
327,2013,5,126.377410888672
328,2013,6,126.073486328125
329,2013,7,125.410842895508
330,2013,8,125.741821289062
331,2013,9,125.463737487793
332,2013,10,126.741592407227
333,2013,11,125.628715515137
334,2013,12,125.271369934082
335,2014,1,125.044143676758
336,2014,2,124.851577758789
337,2014,3,124.933433532715
338,2014,4,124.713134765625
339,2014,5,124.307029724121
340,2014,6,123.286659240723
341,2014,7,123.49976348877
342,2014,8,121.414375305176
343,2014,9,122.448608398438
344,2014,10,121.659324645996
345,2014,11,118.150207519531
346,2014,12,117.477401733398
347,2015,1,117.425277709961
348,2015,2,117.346633911133
349,2015,3,117.295761108398
350,2015,4,117.009414672852
351,2015,5,116.960159301758
352,2015,6,117.126815795898
353,2015,7,117.166893005371
354,2015,8,117.319892883301
355,2015,9,116.920112609863
356,2015,10,116.696365356445
357,2015,11,116.06867980957
358,2015,12,116.008743286133
359,2016,1,152.293960571289
360,2016,2,172.543869018555
361,2016,3,175.597793579102
362,2016,4,175.481475830078
363,2016,5,175.330108642578
364,2016,6,174.440353393555
365,2016,7,173.492767333984
366,2016,8,173.502563476562
367,2016,9,173.468475341797
368,2016,10,173.786163330078
369,2016,11,173.490295410156
370,2016,12,173.086227416992
371,2017,1,172.75325012207
372,2017,2,172.615676879883
373,2017,3,172.121429443359
374,2017,4,172.083023071289
375,2017,5,172.454879760742
376,2017,6,172.570663452148
377,2017,7,171.752593994141
378,2017,8,172.742065429688
379,2017,9,172.65705871582
380,2017,10,171.930160522461
381,2017,11,171.09309387207
382,2017,12,170.877593994141
383,2018,1,170.390808105469
384,2018,2,169.422668457031
385,2018,3,170.234237670898
386,2018,4,170.329727172852
387,2018,5,170.346862792969
388,2018,6,171.165496826172
389,2018,7,171.140884399414
390,2018,8,171.012832641602
391,2018,9,171.008666992188
392,2018,10,171.343597412109
393,2018,11,169.67854309082
394,2018,12,169.578598022461
395,2019,1,168.615264892578
396,2019,2,168.184020996094
397,2019,3,168.018188476562
398,2019,4,168.040176391602
399,2019,5,167.158325195312
400,2019,6,167.225891113281
401,2019,7,166.79850769043
402,2019,8,167.1044921875
403,2019,9,166.578079223633
404,2019,10,166.567962646484
405,2019,11,166.253952026367
406,2019,12,166.156799316406
407,2020,1,166.102447509766
408,2020,2,165.459732055664
409,2020,3,165.093399047852
410,2020,4,165.136306762695
411,2020,5,165.102264404297
412,2020,6,164.727752685547
413,2020,7,164.623062133789
414,2020,8,164.414184570312
415,2020,9,164.403686523438
416,2020,10,164.073181152344
417,2020,11,164.076477050781
418,2021,12,166.102447509766
419,2022,12,166.102447509766
420,2023,12,166.102447509766
421,2024,12,166.102447509766
422,2025,12,166.102447509766
