,Year,Month,Conc
0,1986,2,0.513518512248993
1,1986,3,0.514489769935608
2,1986,4,0.514720797538757
3,1986,5,0.513448357582092
4,1986,6,0.514250695705414
5,1986,7,0.515655934810638
6,1986,8,0.515766680240631
7,1986,9,0.515144646167755
8,1986,10,0.516753971576691
9,1986,11,0.514844059944153
10,1986,12,0.516027867794037
11,1987,1,0.51667308807373
12,1987,2,0.522655248641968
13,1987,3,0.520966649055481
14,1987,4,0.522290408611298
15,1987,5,0.526645004749298
16,1987,6,0.529415965080261
17,1987,7,0.531389713287354
18,1987,8,0.531367182731628
19,1987,9,0.533355951309204
20,1987,10,0.542153179645538
21,1987,11,0.552982926368713
22,1987,12,0.550116837024689
23,1988,1,0.555916666984558
24,1988,2,0.558778941631317
25,1988,3,0.560053050518036
26,1988,4,0.568088233470917
27,1988,5,0.573232233524323
28,1988,6,0.573196768760681
29,1988,7,0.571830570697784
30,1988,8,0.569986164569855
31,1988,9,0.5717493891716
32,1988,10,0.571658313274384
33,1988,11,0.569334447383881
34,1988,12,0.579122304916382
35,1989,1,0.584387362003326
36,1989,2,0.583314776420593
37,1989,3,0.58348947763443
38,1989,4,0.585458338260651
39,1989,5,0.586574494838715
40,1989,6,0.584530174732208
41,1989,7,0.587533712387085
42,1989,8,0.591147422790527
43,1989,9,0.590784072875977
44,1989,10,0.591444313526154
45,1989,11,0.585851311683655
46,1989,12,0.58746325969696
47,1990,1,0.586554646492004
48,1990,2,0.576799750328064
49,1990,3,0.57822972536087
50,1990,4,0.578266739845276
51,1990,5,0.572319746017456
52,1990,6,0.57056725025177
53,1990,7,0.573038995265961
54,1990,8,0.571932673454285
55,1990,9,0.572543084621429
56,1990,10,0.572125971317291
57,1990,11,0.568314790725708
58,1990,12,0.564207255840302
59,1991,1,0.568727970123291
60,1991,2,0.56380158662796
61,1991,3,0.55856192111969
62,1991,4,0.560084998607635
63,1991,5,0.557254195213318
64,1991,6,0.557650625705719
65,1991,7,0.558236241340637
66,1991,8,0.555514752864838
67,1991,9,0.553622126579285
68,1991,10,0.552533030509949
69,1991,11,0.553688943386078
70,1991,12,0.551288187503815
71,1992,1,0.55332362651825
72,1992,2,0.550260603427887
73,1992,3,0.549318552017212
74,1992,4,0.549079239368439
75,1992,5,0.54812228679657
76,1992,6,0.549937307834625
77,1992,7,0.548908829689026
78,1992,8,0.549536228179932
79,1992,9,0.54892510175705
80,1992,10,0.548501074314117
81,1992,11,0.546030104160309
82,1992,12,0.545804679393768
83,1993,1,0.545468747615814
84,1993,2,0.54485297203064
85,1993,3,0.541370809078217
86,1993,4,0.538765430450439
87,1993,5,0.541597545146942
88,1993,6,0.536585092544556
89,1993,7,0.533578455448151
90,1993,8,0.53295761346817
91,1993,9,0.522735118865967
92,1993,10,0.5221027135849
93,1993,11,0.517281830310822
94,1993,12,0.519210040569305
95,1994,1,0.517299890518188
96,1994,2,0.516338407993317
97,1994,3,0.516364872455597
98,1994,4,0.514850258827209
99,1994,5,0.517241954803467
100,1994,6,0.515624821186066
101,1994,7,0.511756479740143
102,1994,8,0.512513160705566
103,1994,9,0.511934340000153
104,1994,10,0.508438169956207
105,1994,11,0.507205843925476
106,1994,12,0.505107700824738
107,1995,1,0.505029737949371
108,1995,2,0.50735342502594
109,1995,3,0.510622382164001
110,1995,4,0.508470416069031
111,1995,5,0.509491145610809
112,1995,6,0.510352432727814
113,1995,7,0.509220361709595
114,1995,8,0.508910417556763
115,1995,9,0.510154902935028
116,1995,10,0.50944447517395
117,1995,11,0.508008420467377
118,1995,12,0.507777631282806
119,1996,1,0.505527019500732
120,1996,2,0.506486058235168
121,1996,3,0.507535636425018
122,1996,4,0.505112409591675
123,1996,5,0.50439327955246
124,1996,6,0.505837082862854
125,1996,7,0.509028434753418
126,1996,8,0.507199645042419
127,1996,9,0.506880104541779
128,1996,10,0.504546582698822
129,1996,11,0.50092601776123
130,1996,12,0.500156700611115
131,1997,1,0.499053806066513
132,1997,2,0.501236915588379
133,1997,3,0.501885831356049
134,1997,4,0.502444446086884
135,1997,5,0.498710751533508
136,1997,6,0.498617827892303
137,1997,7,0.497697383165359
138,1997,8,0.49976646900177
139,1997,9,0.498062193393707
140,1997,10,0.494366616010666
141,1997,11,0.492910504341125
142,1997,12,0.491047024726868
143,1998,1,0.492042303085327
144,1998,2,0.491618901491165
145,1998,3,0.491970866918564
146,1998,4,0.490999132394791
147,1998,5,0.492196679115295
148,1998,6,0.486540883779526
149,1998,7,0.481770873069763
150,1998,8,0.476799070835114
151,1998,9,0.468695670366287
152,1998,10,0.465508013963699
153,1998,11,0.466290324926376
154,1998,12,0.468372166156769
155,1999,1,0.466033309698105
156,1999,2,0.465213268995285
157,1999,3,0.462766289710999
158,1999,4,0.45781996846199
159,1999,5,0.455682694911957
160,1999,6,0.446867763996124
161,1999,7,0.44468879699707
162,1999,8,0.434505939483643
163,1999,9,0.422112047672272
164,1999,10,0.407952278852463
165,1999,11,0.409345775842667
166,1999,12,0.407087922096252
167,2000,1,0.412319153547287
168,2000,2,0.415356516838074
169,2000,3,0.41718253493309
170,2000,4,0.411838263273239
171,2000,5,0.394156098365784
172,2000,6,0.369950979948044
173,2000,7,0.348008394241333
174,2000,8,0.338737457990646
175,2000,9,0.330619633197784
176,2000,10,0.321511179208755
177,2000,11,0.31420361995697
178,2000,12,0.306383341550827
179,2001,1,0.285801589488983
180,2001,2,0.280565232038498
181,2001,3,0.209998711943626
182,2001,4,0.129123076796532
183,2001,5,0.126845926046371
184,2001,6,0.104980245232582
185,2001,7,0.0965852439403534
186,2001,8,0.0950245410203934
187,2001,9,0.0556159466505051
188,2001,10,0.0372283980250359
189,2001,11,0.0261539090424776
190,2001,12,0.025492787361145
191,2002,1,0.0275040417909622
192,2002,2,0.034751582890749
193,2002,3,0.0671889409422874
194,2002,4,0.0664257854223251
195,2002,5,0.0659540221095085
196,2002,6,0.0659072324633598
197,2002,7,0.0659213662147522
198,2002,8,0.0666941329836845
199,2002,9,0.067785732448101
200,2002,10,0.0676879808306694
201,2002,11,0.0670129507780075
202,2002,12,0.0692727938294411
203,2003,1,0.054490752518177
204,2003,2,0.0544466935098171
205,2003,3,0.0555592700839043
206,2003,4,0.0565819814801216
207,2003,5,0.0629191920161247
208,2003,6,0.0708402320742607
209,2003,7,0.190349295735359
210,2003,8,0.209630966186523
211,2003,9,0.206407099962234
212,2003,10,0.206069454550743
213,2003,11,0.210713222622871
214,2003,12,0.214082702994347
215,2004,1,0.216260731220245
216,2004,2,0.218025431036949
217,2004,3,0.215303227305412
218,2004,4,0.213697418570518
219,2004,5,0.223494082689285
220,2004,6,0.221440404653549
221,2004,7,0.221063733100891
222,2004,8,0.216792419552803
223,2004,9,0.208511739969254
224,2004,10,0.200371295213699
225,2004,11,0.20027981698513
226,2004,12,0.202865183353424
227,2005,1,0.207881644368172
228,2005,2,0.204798713326454
229,2005,3,0.20183165371418
230,2005,4,0.214577943086624
231,2005,5,0.22109854221344
232,2005,6,0.22041030228138
233,2005,7,0.219739317893982
234,2005,8,0.225511640310287
235,2005,9,0.235121369361877
236,2005,10,0.236311227083206
237,2005,11,0.237792134284973
238,2005,12,0.23684349656105
239,2006,1,0.240311577916145
240,2006,2,0.240989565849304
241,2006,3,0.239026561379433
242,2006,4,0.238210439682007
243,2006,5,0.242404326796532
244,2006,6,0.237675473093987
245,2006,7,0.23934531211853
246,2006,8,0.235545098781586
247,2006,9,0.234259322285652
248,2006,10,0.23235896229744
249,2006,11,0.228001788258553
250,2006,12,0.218739166855812
251,2007,1,0.217406570911407
252,2007,2,0.215550497174263
253,2007,3,0.216526627540588
254,2007,4,0.215085402131081
255,2007,5,0.220103085041046
256,2007,6,0.215790838003159
257,2007,7,0.222160667181015
258,2007,8,0.226932927966118
259,2007,9,0.222729727625847
260,2007,10,0.222706362605095
261,2007,11,0.222976878285408
262,2007,12,0.227728232741356
263,2008,1,0.227970153093338
264,2008,2,0.22956083714962
265,2008,3,0.228268131613731
266,2008,4,0.223768338561058
267,2008,5,0.225540265440941
268,2008,6,0.225953087210655
269,2008,7,0.223371237516403
270,2008,8,0.208996966481209
271,2008,9,0.207367405295372
272,2008,10,0.206497728824615
273,2008,11,0.202339589595795
274,2008,12,0.202977031469345
275,2009,1,0.203384086489677
276,2009,2,0.199887320399284
277,2009,3,0.200220927596092
278,2009,4,0.201119601726532
279,2009,5,0.199443310499191
280,2009,6,0.199324995279312
281,2009,7,0.20070917904377
282,2009,8,0.201131150126457
283,2009,9,0.200799882411957
284,2009,10,0.200877085328102
285,2009,11,0.194224655628204
286,2009,12,0.196675896644592
287,2010,1,0.195747792720795
288,2010,2,0.19699627161026
289,2010,3,0.195194363594055
290,2010,4,0.195150837302208
291,2010,5,0.198340535163879
292,2010,6,0.199613705277443
293,2010,7,0.195939943194389
294,2010,8,0.193717911839485
295,2010,9,0.193619802594185
296,2010,10,0.1960169672966
297,2010,11,0.201799094676971
298,2010,12,0.192936539649963
299,2011,1,0.192602962255478
300,2011,2,0.193469256162643
301,2011,3,0.185389086604118
302,2011,4,0.179270699620247
303,2011,5,0.180003598332405
304,2011,6,0.172673255205154
305,2011,7,0.177651226520538
306,2011,8,0.188587307929993
307,2011,9,0.190923139452934
308,2011,10,0.189465343952179
309,2011,11,0.195057481527328
310,2011,12,0.19327849149704
311,2012,1,0.188670799136162
312,2012,2,0.186482951045036
313,2012,3,0.190913274884224
314,2012,4,0.198796346783638
315,2012,5,0.192366540431976
316,2012,6,0.191131517291069
317,2012,7,0.190327197313309
318,2012,8,0.190814584493637
319,2012,9,0.182875573635101
320,2012,10,0.184465259313583
321,2012,11,0.19111667573452
322,2012,12,0.182615995407104
323,2013,1,0.182282328605652
324,2013,2,0.181703850626945
325,2013,3,0.182067781686783
326,2013,4,0.182702720165253
327,2013,5,0.181698009371758
328,2013,6,0.183190569281578
329,2013,7,0.182021662592888
330,2013,8,0.181688442826271
331,2013,9,0.18160355091095
332,2013,10,0.180698290467262
333,2013,11,0.188283026218414
334,2013,12,0.187830656766891
335,2014,1,0.187586441636086
336,2014,2,0.187492683529854
337,2014,3,0.187521368265152
338,2014,4,0.185702875256538
339,2014,5,0.184390664100647
340,2014,6,0.183614045381546
341,2014,7,0.18229852616787
342,2014,8,0.18099407851696
343,2014,9,0.1804209202528
344,2014,10,0.179844453930855
345,2014,11,0.179407894611359
346,2014,12,0.178796127438545
347,2015,1,0.178317859768867
348,2015,2,0.165240854024887
349,2015,3,0.157754227519035
350,2015,4,0.162389561533928
351,2015,5,0.164922758936882
352,2015,6,0.166889920830727
353,2015,7,0.162522822618484
354,2015,8,0.160662919282913
355,2015,9,0.161648511886597
356,2015,10,0.162495911121368
357,2015,11,0.166284546256065
358,2015,12,0.164472579956055
359,2016,1,0.164046108722687
360,2016,2,0.162566244602203
361,2016,3,0.159672126173973
362,2016,4,0.160249218344688
363,2016,5,0.154187589883804
364,2016,6,0.148557990789413
365,2016,7,0.150864496827126
366,2016,8,0.146937310695648
367,2016,9,0.145995542407036
368,2016,10,0.1451515853405
369,2016,11,0.14462523162365
370,2016,12,0.144139513373375
371,2017,1,0.143775299191475
372,2017,2,0.142968654632568
373,2017,3,0.143610894680023
374,2017,4,0.14412459731102
375,2017,5,0.144475549459457
376,2017,6,0.144534647464752
377,2017,7,0.144923523068428
378,2017,8,0.144720569252968
379,2017,9,0.144813358783722
380,2017,10,0.14515009522438
381,2017,11,0.145174145698547
382,2017,12,0.144795790314674
383,2018,1,0.144895255565643
384,2018,2,0.145508959889412
385,2018,3,0.144630506634712
386,2018,4,0.144797816872597
387,2018,5,0.14505872130394
388,2018,6,0.144507691264153
389,2018,7,0.144405156373978
390,2018,8,0.145059943199158
391,2018,9,0.144639357924461
392,2018,10,0.144046202301979
393,2018,11,0.142730832099915
394,2018,12,0.135155662894249
395,2019,1,0.133268728852272
396,2019,2,0.132972195744514
397,2019,3,0.132491573691368
398,2019,4,0.132774502038956
399,2019,5,0.131891220808029
400,2019,6,0.131715729832649
401,2019,7,0.131758123636246
402,2019,8,0.131369337439537
403,2019,9,0.131901919841766
404,2019,10,0.132238671183586
405,2019,11,0.133030042052269
406,2019,12,0.132826030254364
407,2020,1,0.132900476455688
408,2020,2,0.13264063000679
409,2020,3,0.132558718323708
410,2020,4,0.13205124437809
411,2020,5,0.132151752710342
412,2020,6,0.131839334964752
413,2020,7,0.131919220089912
414,2020,8,0.132199078798294
415,2020,9,0.132621318101883
416,2020,10,0.132581725716591
417,2020,11,0.132685586810112
418,2021,12,0.12591174010361492
419,2022,12,0.11892300375154183
420,2023,12,0.11193426739946874
421,2024,12,0.10494553104739565
422,2025,12,0.09795679469532256
