,Year,Month,Conc
0,1986,2,1.27153205871582
1,1986,3,1.25983488559723
2,1986,4,1.26101398468018
3,1986,5,1.24145328998566
4,1986,6,1.23622632026672
5,1986,7,1.23824596405029
6,1986,8,1.24015831947327
7,1986,9,1.24218213558197
8,1986,10,1.23487150669098
9,1986,11,1.2315571308136
10,1986,12,1.23509871959686
11,1987,1,1.23211872577667
12,1987,2,1.23144555091858
13,1987,3,1.23223447799683
14,1987,4,1.23195159435272
15,1987,5,1.23229014873505
16,1987,6,1.23644936084747
17,1987,7,1.23841321468353
18,1987,8,1.2362220287323
19,1987,9,1.23667240142822
20,1987,10,1.23358082771301
21,1987,11,1.23746132850647
22,1987,12,1.24049699306488
23,1988,1,1.22953748703003
24,1988,2,1.22790384292603
25,1988,3,1.22751367092133
26,1988,4,1.23178422451019
27,1988,5,1.22846555709839
28,1988,6,1.22863268852234
29,1988,7,1.23307490348816
30,1988,8,1.23453712463379
31,1988,9,1.22767663002014
32,1988,10,1.23138976097107
33,1988,11,1.23099529743195
34,1988,12,1.22925019264221
35,1989,1,1.22666466236115
36,1989,2,1.22559702396393
37,1989,3,1.22745358943939
38,1989,4,1.22436213493347
39,1989,5,1.22525835037231
40,1989,6,1.23177993297577
41,1989,7,1.22790384292603
42,1989,8,1.23161280155182
43,1989,9,1.23521029949188
44,1989,10,1.23268043994904
45,1989,11,1.23599922657013
46,1989,12,1.23644506931305
47,1990,1,1.24077999591827
48,1990,2,1.24291110038757
49,1990,3,1.24167621135712
50,1990,4,1.25499832630157
51,1990,5,1.29727578163147
52,1990,6,1.34315073490143
53,1990,7,1.34270060062408
54,1990,8,1.34044945240021
55,1990,9,1.33680045604706
56,1990,10,1.32555365562439
57,1990,11,1.31178140640259
58,1990,12,1.30368602275848
59,1991,1,1.30514812469482
60,1991,2,1.29710865020752
61,1991,3,1.29204905033112
62,1991,4,1.29778182506561
63,1991,5,1.30137920379639
64,1991,6,1.29997289180756
65,1991,7,1.30031156539917
66,1991,8,1.29806053638458
67,1991,9,1.28985369205475
68,1991,10,1.29019248485565
69,1991,11,1.28429234027863
70,1991,12,1.27709317207336
71,1992,1,1.27613711357117
72,1992,2,1.2769775390625
73,1992,3,1.27911710739136
74,1992,4,1.27765929698944
75,1992,5,1.2765873670578
76,1992,6,1.28429234027863
77,1992,7,1.28811287879944
78,1992,8,1.27816092967987
79,1992,9,1.28367078304291
80,1992,10,1.2799574136734
81,1992,11,1.2782723903656
82,1992,12,1.27911710739136
83,1993,1,1.27979457378387
84,1993,2,1.27855539321899
85,1993,3,1.2761971950531
86,1993,4,1.27208936214447
87,1993,5,1.27568686008453
88,1993,6,1.28653919696808
89,1993,7,1.27062726020813
90,1993,8,1.27894985675812
91,1993,9,1.28249156475067
92,1993,10,1.28271448612213
93,1993,11,1.27608561515808
94,1993,12,1.28861880302429
95,1994,1,1.31082093715668
96,1994,2,1.30593276023865
97,1994,3,1.30767369270325
98,1994,4,1.31200432777405
99,1994,5,1.30464220046997
100,1994,6,1.30992484092712
101,1994,7,1.302729845047
102,1994,8,1.29395711421967
103,1994,9,1.29221618175507
104,1994,10,1.29154300689697
105,1994,11,1.29356694221497
106,1994,12,1.28378653526306
107,1995,1,1.28198134899139
108,1995,2,1.28361487388611
109,1995,3,1.28012907505035
110,1995,4,1.28288602828979
111,1995,5,1.28406524658203
112,1995,6,1.28552734851837
113,1995,7,1.28558301925659
114,1995,8,1.29339957237244
115,1995,9,1.30239117145538
116,1995,10,1.33533406257629
117,1995,11,1.37334096431732
118,1995,12,1.38930428028107
119,1996,1,1.39053928852081
120,1996,2,1.39666652679443
121,1996,3,1.39841163158417
122,1996,4,1.58387517929077
123,1996,5,1.64262199401855
124,1996,6,1.65880846977234
125,1996,7,1.65746200084686
126,1996,8,1.65740203857422
127,1996,9,1.66448962688446
128,1996,10,1.69343650341034
129,1996,11,1.69406247138977
130,1996,12,1.69259607791901
131,1997,1,1.69411396980286
132,1997,2,1.70755183696747
133,1997,3,1.70299816131592
134,1997,4,1.71182680130005
135,1997,5,1.75218760967255
136,1997,6,1.78951263427734
137,1997,7,1.78687572479248
138,1997,8,1.82712507247925
139,1997,9,1.92016565799713
140,1997,10,2.01460814476013
141,1997,11,2.12176394462585
142,1997,12,2.14576697349548
143,1998,1,2.18894052505493
144,1998,2,2.22610282897949
145,1998,3,2.23661208152771
146,1998,4,2.29755449295044
147,1998,5,2.37294220924377
148,1998,6,2.75561332702637
149,1998,7,4.35656690597534
150,1998,8,5.25402879714966
151,1998,9,5.64827156066895
152,1998,10,5.90224742889404
153,1998,11,5.96862459182739
154,1998,12,6.34591627120972
155,1999,1,6.23885440826416
156,1999,2,6.38646125793457
157,1999,3,5.87381076812744
158,1999,4,6.64421653747559
159,1999,5,7.27224683761597
160,1999,6,7.29224300384521
161,1999,7,7.29728889465332
162,1999,8,7.21828126907349
163,1999,9,6.71672105789185
164,1999,10,6.37055969238281
165,1999,11,5.86952877044678
166,1999,12,5.87966012954712
167,2000,1,5.8669261932373
168,2000,2,6.09825372695923
169,2000,3,6.229407787323
170,2000,4,6.22020626068115
171,2000,5,6.36198854446411
172,2000,6,6.05546569824219
173,2000,7,5.94619369506836
174,2000,8,6.32226324081421
175,2000,9,8.29004573822021
176,2000,10,9.44828319549561
177,2000,11,9.47656726837158
178,2000,12,9.56115436553955
179,2001,1,9.86845016479492
180,2001,2,9.93166732788086
181,2001,3,9.39490222930908
182,2001,4,8.79470252990723
183,2001,5,8.62417030334473
184,2001,6,8.74874496459961
185,2001,7,8.84677886962891
186,2001,8,8.83277797698975
187,2001,9,8.70731449127197
188,2001,10,8.07519817352295
189,2001,11,6.58213567733765
190,2001,12,6.48531723022461
191,2002,1,6.68661689758301
192,2002,2,6.872642993927
193,2002,3,6.85838747024536
194,2002,4,6.85194206237793
195,2002,5,6.75308132171631
196,2002,6,6.67236614227295
197,2002,7,6.67107009887695
198,2002,8,6.64298439025879
199,2002,9,6.66748237609863
200,2002,10,6.64876651763916
201,2002,11,6.32250165939331
202,2002,12,6.14600038528442
203,2003,1,6.13196229934692
204,2003,2,6.1391863822937
205,2003,3,6.16749811172485
206,2003,4,6.19459390640259
207,2003,5,6.17613554000854
208,2003,6,6.19445943832397
209,2003,7,6.46077299118042
210,2003,8,6.506911277771
211,2003,9,6.54454183578491
212,2003,10,6.44160413742065
213,2003,11,6.34529685974121
214,2003,12,6.37874317169189
215,2004,1,6.51146221160889
216,2004,2,6.52615261077881
217,2004,3,6.62317323684692
218,2004,4,6.63157653808594
219,2004,5,6.79897260665894
220,2004,6,6.81335067749023
221,2004,7,6.90629005432129
222,2004,8,6.95522260665894
223,2004,9,7.07324504852295
224,2004,10,7.11978626251221
225,2004,11,7.12461042404175
226,2004,12,7.26101160049438
227,2005,1,7.22928905487061
228,2005,2,7.2732138633728
229,2005,3,7.23254060745239
230,2005,4,7.21583557128906
231,2005,5,7.24821805953979
232,2005,6,7.30324602127075
233,2005,7,7.41767072677612
234,2005,8,7.39319562911987
235,2005,9,7.40654277801514
236,2005,10,7.38805484771729
237,2005,11,7.48174285888672
238,2005,12,7.56335830688477
239,2006,1,7.65130472183228
240,2006,2,8.11919689178467
241,2006,3,8.53588199615479
242,2006,4,8.65240478515625
243,2006,5,8.73455619812012
244,2006,6,8.9891357421875
245,2006,7,9.50343608856201
246,2006,8,9.74721813201904
247,2006,9,9.89610767364502
248,2006,10,10.190242767334
249,2006,11,10.472843170166
250,2006,12,10.5748434066772
251,2007,1,10.621319770813
252,2007,2,10.6681909561157
253,2007,3,10.8277702331543
254,2007,4,10.8522853851318
255,2007,5,10.8896951675415
256,2007,6,10.9905939102173
257,2007,7,11.1568517684937
258,2007,8,11.4736022949219
259,2007,9,11.4280347824097
260,2007,10,11.492148399353
261,2007,11,11.8702173233032
262,2007,12,12.2990055084229
263,2008,1,12.6594572067261
264,2008,2,13.2703886032104
265,2008,3,13.8717575073242
266,2008,4,13.9684391021729
267,2008,5,14.2380657196045
268,2008,6,15.3653202056885
269,2008,7,15.6824645996094
270,2008,8,16.3919410705566
271,2008,9,16.9006614685059
272,2008,10,16.8417854309082
273,2008,11,17.0153331756592
274,2008,12,17.4660224914551
275,2009,1,17.7414970397949
276,2009,2,17.9141578674316
277,2009,3,18.0521125793457
278,2009,4,18.269474029541
279,2009,5,18.5704669952393
280,2009,6,18.7114944458008
281,2009,7,18.9762191772461
282,2009,8,19.341588973999
283,2009,9,19.4968032836914
284,2009,10,19.4957847595215
285,2009,11,19.8685169219971
286,2009,12,19.9180850982666
287,2010,1,20.1251239776611
288,2010,2,20.2346210479736
289,2010,3,20.2648296356201
290,2010,4,20.299409866333
291,2010,5,20.3910808563232
292,2010,6,18.4421539306641
293,2010,7,15.5103158950806
294,2010,8,15.2202482223511
295,2010,9,15.3013153076172
296,2010,10,15.6163396835327
297,2010,11,15.7240562438965
298,2010,12,15.8253593444824
299,2011,1,15.9160318374634
300,2011,2,15.9167766571045
301,2011,3,15.9990730285645
302,2011,4,16.2850742340088
303,2011,5,16.6327686309814
304,2011,6,16.9240665435791
305,2011,7,17.1274566650391
306,2011,8,18.4703216552734
307,2011,9,18.542516708374
308,2011,10,19.1195220947266
309,2011,11,19.6393566131592
310,2011,12,19.8297691345215
311,2012,1,20.1107749938965
312,2012,2,20.6997623443604
313,2012,3,21.7364120483398
314,2012,4,22.8717288970947
315,2012,5,23.2337589263916
316,2012,6,23.4203052520752
317,2012,7,23.508279800415
318,2012,8,23.8621730804443
319,2012,9,24.6536960601807
320,2012,10,24.7858982086182
321,2012,11,25.4599323272705
322,2012,12,25.2893028259277
323,2013,1,25.5787963867188
324,2013,2,26.3007965087891
325,2013,3,26.8088645935059
326,2013,4,26.739688873291
327,2013,5,27.4625682830811
328,2013,6,27.6580085754395
329,2013,7,27.7090339660645
330,2013,8,28.0638256072998
331,2013,9,28.2143669128418
332,2013,10,28.7736473083496
333,2013,11,28.9961528778076
334,2013,12,29.1351795196533
335,2014,1,29.297887802124
336,2014,2,29.9385013580322
337,2014,3,30.5126819610596
338,2014,4,30.4541397094727
339,2014,5,30.6005458831787
340,2014,6,30.5777893066406
341,2014,7,30.7628402709961
342,2014,8,31.0039081573486
343,2014,9,31.2658863067627
344,2014,10,31.6429042816162
345,2014,11,31.5732192993164
346,2014,12,31.7692031860352
347,2015,1,31.8405380249023
348,2015,2,32.2353630065918
349,2015,3,32.3838043212891
350,2015,4,32.1297988891602
351,2015,5,31.9764003753662
352,2015,6,31.572624206543
353,2015,7,32.2422027587891
354,2015,8,32.8697509765625
355,2015,9,32.9958686828613
356,2015,10,33.3031539916992
357,2015,11,33.3871154785156
358,2015,12,33.72998046875
359,2016,1,34.1212539672852
360,2016,2,34.1142501831055
361,2016,3,34.1812896728516
362,2016,4,34.4968910217285
363,2016,5,34.628604888916
364,2016,6,34.6909408569336
365,2016,7,34.6565399169922
366,2016,8,34.6952362060547
367,2016,9,34.6429748535156
368,2016,10,34.7102432250977
369,2016,11,34.7309074401855
370,2016,12,34.5697174072266
371,2017,1,34.391716003418
372,2017,2,34.4893035888672
373,2017,3,34.367374420166
374,2017,4,34.605339050293
375,2017,5,34.8137588500977
376,2017,6,35.1822395324707
377,2017,7,34.9952697753906
378,2017,8,35.1162147521973
379,2017,9,35.0539627075195
380,2017,10,35.1544456481934
381,2017,11,35.339241027832
382,2017,12,35.4297294616699
383,2018,1,35.4471778869629
384,2018,2,35.2202033996582
385,2018,3,35.6507606506348
386,2018,4,35.6145668029785
387,2018,5,35.7357292175293
388,2018,6,35.8202362060547
389,2018,7,35.8207092285156
390,2018,8,35.6014938354492
391,2018,9,36.2233657836914
392,2018,10,37.2509727478027
393,2018,11,37.3869857788086
394,2018,12,37.7455406188965
395,2019,1,37.901180267334
396,2019,2,37.7506065368652
397,2019,3,37.6927642822266
398,2019,4,37.0787315368652
399,2019,5,37.5921974182129
400,2019,6,37.5776329040527
401,2019,7,37.3717575073242
402,2019,8,37.6924591064453
403,2019,9,37.3358917236328
404,2019,10,37.4059295654297
405,2019,11,37.503303527832
406,2019,12,37.5645408630371
407,2020,1,37.5385856628418
408,2020,2,37.5674667358398
409,2020,3,37.3211669921875
410,2020,4,37.5369720458984
411,2020,5,37.3274574279785
412,2020,6,37.4240951538086
413,2020,7,37.228328704834
414,2020,8,37.0432891845703
415,2020,9,37.1408424377441
416,2020,10,37.0273551940918
417,2020,11,37.0639724731445
418,2021,12,41.403574652844696
419,2022,12,43.58007462350109
420,2023,12,44.80639857697316
421,2024,12,47.815335172112526
422,2025,12,52.7689676497873
