,Year,Month,Conc
0,1986,2,1.47581279277802
1,1986,3,1.45826613903046
2,1986,4,1.45775890350342
3,1986,5,1.46679604053497
4,1986,6,1.46427655220032
5,1986,7,1.4594053030014
6,1986,8,1.45875036716461
7,1986,9,1.48098385334015
8,1986,10,1.44497048854828
9,1986,11,1.45633625984192
10,1986,12,1.44235706329346
11,1987,1,1.45814085006714
12,1987,2,1.43506062030792
13,1987,3,1.45555090904236
14,1987,4,1.45480501651764
15,1987,5,1.45074272155762
16,1987,6,1.45393776893616
17,1987,7,1.45589017868042
18,1987,8,1.46846520900726
19,1987,9,1.45452392101288
20,1987,10,1.45863246917725
21,1987,11,1.44986259937286
22,1987,12,1.48462057113647
23,1988,1,1.44769394397736
24,1988,2,1.45855629444122
25,1988,3,1.44881165027618
26,1988,4,1.44369399547577
27,1988,5,1.43738317489624
28,1988,6,1.44072699546814
29,1988,7,1.46823596954346
30,1988,8,1.47991895675659
31,1988,9,1.44547080993652
32,1988,10,1.45022308826447
33,1988,11,1.47944295406342
34,1988,12,1.45503008365631
35,1989,1,1.44968056678772
36,1989,2,1.45910382270813
37,1989,3,1.45993864536285
38,1989,4,1.46097719669342
39,1989,5,1.45852410793304
40,1989,6,1.47937488555908
41,1989,7,1.46252346038818
42,1989,8,1.45401096343994
43,1989,9,1.4610812664032
44,1989,10,1.44649159908295
45,1989,11,1.45825910568237
46,1989,12,1.44129061698914
47,1990,1,1.44555640220642
48,1990,2,1.48098695278168
49,1990,3,1.45863044261932
50,1990,4,1.46559619903564
51,1990,5,1.46734821796417
52,1990,6,1.47755801677704
53,1990,7,1.45468211174011
54,1990,8,1.46994316577911
55,1990,9,1.45517921447754
56,1990,10,1.46058940887451
57,1990,11,1.45828020572662
58,1990,12,1.48525989055634
59,1991,1,1.45302677154541
60,1991,2,1.45234930515289
61,1991,3,1.482217669487
62,1991,4,1.47961258888245
63,1991,5,1.4733464717865
64,1991,6,1.4511251449585
65,1991,7,1.44265115261078
66,1991,8,1.45687186717987
67,1991,9,1.45202314853668
68,1991,10,1.46890616416931
69,1991,11,1.44991433620453
70,1991,12,1.46646511554718
71,1992,1,1.44601881504059
72,1992,2,1.44701838493347
73,1992,3,1.46591448783875
74,1992,4,1.46581721305847
75,1992,5,1.45302999019623
76,1992,6,1.44253504276276
77,1992,7,1.47265625
78,1992,8,1.47153604030609
79,1992,9,1.44150984287262
80,1992,10,1.44712960720062
81,1992,11,1.47830021381378
82,1992,12,1.46791613101959
83,1993,1,1.46662175655365
84,1993,2,1.45421051979065
85,1993,3,1.4616791009903
86,1993,4,1.54519271850586
87,1993,5,1.45265793800354
88,1993,6,1.51160669326782
89,1993,7,1.47293567657471
90,1993,8,1.4627685546875
91,1993,9,1.48232734203339
92,1993,10,1.48063385486603
93,1993,11,1.50302076339722
94,1993,12,1.45945596694946
95,1994,1,1.46718060970306
96,1994,2,1.43947649002075
97,1994,3,1.45601499080658
98,1994,4,1.4817920923233
99,1994,5,1.42798972129822
100,1994,6,1.4305272102356
101,1994,7,1.4580225944519
102,1994,8,1.41812837123871
103,1994,9,1.24385261535645
104,1994,10,1.20366251468658
105,1994,11,1.24706053733826
106,1994,12,1.303755402565
107,1995,1,1.28674077987671
108,1995,2,1.19767355918884
109,1995,3,1.18878376483917
110,1995,4,1.30327129364014
111,1995,5,1.28065025806427
112,1995,6,1.23662519454956
113,1995,7,1.25485169887543
114,1995,8,1.3135758638382
115,1995,9,1.31842589378357
116,1995,10,1.34170353412628
117,1995,11,1.44591867923737
118,1995,12,1.48390483856201
119,1996,1,1.56343042850494
120,1996,2,1.47630429267883
121,1996,3,1.45301938056946
122,1996,4,1.57950294017792
123,1996,5,1.59114670753479
124,1996,6,1.56871604919434
125,1996,7,1.54596471786499
126,1996,8,1.57865869998932
127,1996,9,1.5751326084137
128,1996,10,1.61548578739166
129,1996,11,1.64098083972931
130,1996,12,1.64974534511566
131,1997,1,1.64571738243103
132,1997,2,1.64262211322784
133,1997,3,1.63401126861572
134,1997,4,1.18809700012207
135,1997,5,1.17480766773224
136,1997,6,1.06274628639221
137,1997,7,1.34454333782196
138,1997,8,1.61393928527832
139,1997,9,2.24059462547302
140,1997,10,2.82668304443359
141,1997,11,3.13291645050049
142,1997,12,3.96205735206604
143,1998,1,4.06940031051636
144,1998,2,4.1036901473999
145,1998,3,4.08139657974243
146,1998,4,4.01319551467896
147,1998,5,4.06681060791016
148,1998,6,4.16901111602783
149,1998,7,4.26777076721191
150,1998,8,4.49490690231323
151,1998,9,4.61787939071655
152,1998,10,4.76699352264404
153,1998,11,4.84458780288696
154,1998,12,4.95589017868042
155,1999,1,5.15765953063965
156,1999,2,5.43904113769531
157,1999,3,6.88028287887573
158,1999,4,8.68170356750488
159,1999,5,9.14815521240234
160,1999,6,10.0140562057495
161,1999,7,10.8043003082275
162,1999,8,11.097297668457
163,1999,9,11.1411619186401
164,1999,10,11.4072389602661
165,1999,11,11.5398616790771
166,1999,12,11.6199388504028
167,2000,1,11.6477727890015
168,2000,2,11.6162605285645
169,2000,3,11.4886837005615
170,2000,4,11.4637355804443
171,2000,5,11.4268503189087
172,2000,6,11.4115581512451
173,2000,7,11.430757522583
174,2000,8,11.5446472167969
175,2000,9,11.6162948608398
176,2000,10,11.6178588867188
177,2000,11,11.5951013565063
178,2000,12,11.6063795089722
179,2001,1,11.5986080169678
180,2001,2,11.6598110198975
181,2001,3,11.6946620941162
182,2001,4,11.7138166427612
183,2001,5,11.7183179855347
184,2001,6,11.7457513809204
185,2001,7,11.7014074325562
186,2001,8,11.6020555496216
187,2001,9,11.5117483139038
188,2001,10,11.5110874176025
189,2001,11,11.3893699645996
190,2001,12,11.3179788589478
191,2002,1,11.327525138855
192,2002,2,11.6413774490356
193,2002,3,11.7888584136963
194,2002,4,11.8876638412476
195,2002,5,11.8984107971191
196,2002,6,12.0453596115112
197,2002,7,12.1156129837036
198,2002,8,12.1084814071655
199,2002,9,12.1366033554077
200,2002,10,12.1130123138428
201,2002,11,12.2040996551514
202,2002,12,12.5614461898804
203,2003,1,12.7679786682129
204,2003,2,12.9238185882568
205,2003,3,12.9512100219727
206,2003,4,12.956748008728
207,2003,5,12.9705934524536
208,2003,6,12.9955625534058
209,2003,7,13.3432874679565
210,2003,8,13.3995361328125
211,2003,9,13.3784132003784
212,2003,10,13.3008632659912
213,2003,11,13.3158655166626
214,2003,12,13.2847347259521
215,2004,1,13.3104124069214
216,2004,2,13.2988195419312
217,2004,3,13.2955446243286
218,2004,4,13.2247304916382
219,2004,5,13.2655906677246
220,2004,6,13.1146459579468
221,2004,7,13.0986356735229
222,2004,8,13.0954313278198
223,2004,9,13.0769319534302
224,2004,10,13.1106872558594
225,2004,11,13.1050148010254
226,2004,12,13.1244602203369
227,2005,1,13.1291217803955
228,2005,2,13.1440486907959
229,2005,3,13.0643920898438
230,2005,4,13.0780649185181
231,2005,5,13.07985496521
232,2005,6,13.0938873291016
233,2005,7,13.1523246765137
234,2005,8,13.0952739715576
235,2005,9,13.0760126113892
236,2005,10,13.1188278198242
237,2005,11,13.2238931655884
238,2005,12,13.1107406616211
239,2006,1,13.3266706466675
240,2006,2,13.442193031311
241,2006,3,13.4904832839966
242,2006,4,13.553032875061
243,2006,5,13.5971059799194
244,2006,6,13.6316032409668
245,2006,7,13.7113704681396
246,2006,8,13.7199096679688
247,2006,9,13.7074346542358
248,2006,10,13.7728672027588
249,2006,11,13.77463722229
250,2006,12,13.8854837417603
251,2007,1,14.0739994049072
252,2007,2,14.1488485336304
253,2007,3,14.4567241668701
254,2007,4,14.5457706451416
255,2007,5,14.7573881149292
256,2007,6,14.880274772644
257,2007,7,16.2751121520996
258,2007,8,17.4511127471924
259,2007,9,18.166109085083
260,2007,10,18.587495803833
261,2007,11,18.7075710296631
262,2007,12,18.5648498535156
263,2008,1,18.8861389160156
264,2008,2,18.845775604248
265,2008,3,18.9539127349854
266,2008,4,19.1919364929199
267,2008,5,18.8035221099854
268,2008,6,18.9911727905273
269,2008,7,19.607873916626
270,2008,8,20.0697975158691
271,2008,9,20.1729927062988
272,2008,10,20.0333766937256
273,2008,11,18.1386394500732
274,2008,12,16.9657573699951
275,2009,1,16.9820365905762
276,2009,2,16.9678783416748
277,2009,3,16.9100284576416
278,2009,4,16.8671283721924
279,2009,5,16.982328414917
280,2009,6,16.9415588378906
281,2009,7,17.3363399505615
282,2009,8,17.7064590454102
283,2009,9,17.7827835083008
284,2009,10,17.20778465271
285,2009,11,17.1685123443604
286,2009,12,17.3942356109619
287,2010,1,17.5639266967773
288,2010,2,17.4396305084229
289,2010,3,17.3851280212402
290,2010,4,17.1221408843994
291,2010,5,17.1423892974854
292,2010,6,16.9679203033447
293,2010,7,17.1597461700439
294,2010,8,17.1858463287354
295,2010,9,17.0257148742676
296,2010,10,17.1063690185547
297,2010,11,16.7714881896973
298,2010,12,16.6204700469971
299,2011,1,16.1941337585449
300,2011,2,15.3523225784302
301,2011,3,14.9412298202515
302,2011,4,14.5280780792236
303,2011,5,14.5145225524902
304,2011,6,14.2380084991455
305,2011,7,14.2825717926025
306,2011,8,14.7114086151123
307,2011,9,14.6524515151978
308,2011,10,14.4447212219238
309,2011,11,14.2025852203369
310,2011,12,14.2438364028931
311,2012,1,14.8236436843872
312,2012,2,15.8852348327637
313,2012,3,16.0002136230469
314,2012,4,17.4030876159668
315,2012,5,18.1719188690186
316,2012,6,18.6344089508057
317,2012,7,17.3984851837158
318,2012,8,18.2572422027588
319,2012,9,18.3983840942383
320,2012,10,17.449577331543
321,2012,11,17.7935047149658
322,2012,12,17.8910617828369
323,2013,1,18.1765632629395
324,2013,2,18.3215141296387
325,2013,3,18.6692085266113
326,2013,4,18.9174118041992
327,2013,5,19.2105655670166
328,2013,6,19.2054424285889
329,2013,7,19.1762371063232
330,2013,8,19.1897888183594
331,2013,9,19.3372230529785
332,2013,10,19.3024234771729
333,2013,11,20.0305061340332
334,2013,12,19.84499168396
335,2014,1,19.8395023345947
336,2014,2,19.88498878479
337,2014,3,20.0803928375244
338,2014,4,19.3910274505615
339,2014,5,19.4394016265869
340,2014,6,19.3618831634521
341,2014,7,19.3987903594971
342,2014,8,19.2919406890869
343,2014,9,19.2328357696533
344,2014,10,19.4516544342041
345,2014,11,18.5880146026611
346,2014,12,18.3154029846191
347,2015,1,18.3553657531738
348,2015,2,19.3686866760254
349,2015,3,19.216854095459
350,2015,4,18.8858070373535
351,2015,5,18.7968845367432
352,2015,6,18.7462520599365
353,2015,7,18.5144100189209
354,2015,8,18.5064392089844
355,2015,9,18.5171279907227
356,2015,10,18.5272808074951
357,2015,11,18.767032623291
358,2015,12,19.0100746154785
359,2016,1,19.1088600158691
360,2016,2,19.1673526763916
361,2016,3,19.1767196655273
362,2016,4,19.1475391387939
363,2016,5,19.0905494689941
364,2016,6,19.1184139251709
365,2016,7,19.1192932128906
366,2016,8,19.0969295501709
367,2016,9,19.0967769622803
368,2016,10,19.0801010131836
369,2016,11,19.06618309021
370,2016,12,18.9934158325195
371,2017,1,18.8479099273682
372,2017,2,18.7897624969482
373,2017,3,18.7896404266357
374,2017,4,18.7889099121094
375,2017,5,18.8060932159424
376,2017,6,18.8118648529053
377,2017,7,18.8759517669678
378,2017,8,18.9055252075195
379,2017,9,18.9803771972656
380,2017,10,19.0931415557861
381,2017,11,19.1386184692383
382,2017,12,19.1126956939697
383,2018,1,19.1267414093018
384,2018,2,19.0664768218994
385,2018,3,19.1418914794922
386,2018,4,19.1934585571289
387,2018,5,19.2265472412109
388,2018,6,19.2678298950195
389,2018,7,19.3073806762695
390,2018,8,19.3145618438721
391,2018,9,19.5729312896729
392,2018,10,21.6833686828613
393,2018,11,21.6110973358154
394,2018,12,21.5265159606934
395,2019,1,21.5673408508301
396,2019,2,21.4815254211426
397,2019,3,21.4194755554199
398,2019,4,21.3610591888428
399,2019,5,20.8039379119873
400,2019,6,20.7636184692383
401,2019,7,20.8488674163818
402,2019,8,20.9880313873291
403,2019,9,20.9438438415527
404,2019,10,21.0037078857422
405,2019,11,20.9805011749268
406,2019,12,21.0151882171631
407,2020,1,21.039234161377
408,2020,2,20.9862155914307
409,2020,3,20.9836387634277
410,2020,4,21.0500793457031
411,2020,5,21.1009654998779
412,2020,6,21.1426486968994
413,2020,7,21.1197967529297
414,2020,8,21.0813655853271
415,2020,9,21.0803909301758
416,2020,10,20.9839534759521
417,2020,11,21.0897102355957
418,2021,12,21.746950716439223
419,2022,12,22.454667271501446
420,2023,12,23.16238382656367
421,2024,12,23.87203933109181
422,2025,12,24.579755886154032
