,Year,Month,Conc
0,1986,2,0.0066412445157766
1,1986,3,0.0019907341338694
2,1986,4,0.0036109653301537
3,1986,5,0.0019927138928324
4,1986,6,0.003105824580416
5,1986,7,0.0039868578314781
6,1986,8,0.0039908406324684
7,1986,9,0.0067054685205221
8,1986,10,0.0030027944594621
9,1986,11,0.0025692780036479
10,1986,12,0.0019924915395677
11,1987,1,0.0019950147252529
12,1987,2,0.0005493511562235
13,1987,3,0.0029864208772778
14,1987,4,0.0020577812101692
15,1987,5,0.0024909304920584
16,1987,6,0.0025784878525883
17,1987,7,0.0024900503922253
18,1987,8,0.0044977297075092
19,1987,9,0.0030984450131654
20,1987,10,0.0014988664770498
21,1987,11,0.0031018906738609
22,1987,12,0.0054752100259065
23,1988,1,0.0004969578585587
24,1988,2,0.0026596561074256
25,1988,3,0.000991596840322
26,1988,4,0.0030967625789344
27,1988,5,0.0015010389033705
28,1988,6,0.0010279202833771
29,1988,7,0.0040126363746821
30,1988,8,0.0059761619195342
31,1988,9,0.0025915831793099
32,1988,10,0.0030086296610534
33,1988,11,0.0051696700975298
34,1988,12,0.0019867320079356
35,1989,1,0.0014857737114653
36,1989,2,0.0005488889873959
37,1989,3,0.0029813777655363
38,1989,4,0.0015461387811228
39,1989,5,0.0029970209579914
40,1989,6,0.0056664934381842
41,1989,7,0.0029908854048699
42,1989,8,0.0034944883082062
43,1989,9,0.0046397489495575
44,1989,10,0.0024891928769648
45,1989,11,0.003094671992585
46,1989,12,0.0019975944887846
47,1990,1,0.0019966207910329
48,1990,2,0.0044226013123989
49,1990,3,0.0014968372415751
50,1990,4,0.0025902239140123
51,1990,5,0.0040537309832871
52,1990,6,0.0078708166256547
53,1990,7,0.0040596700273454
54,1990,8,0.0056261126883328
55,1990,9,0.0042266165837645
56,1990,10,0.0051070498302578
57,1990,11,0.0047655422240495
58,1990,12,0.0092411367222666
59,1991,1,0.0035853674635291
60,1991,2,0.0017255955608561
61,1991,3,0.0051445704884827
62,1991,4,0.0068900804035365
63,1991,5,0.0071561089716851
64,1991,6,0.003710912540555
65,1991,7,0.0030718091875314
66,1991,8,0.0051197027787566
67,1991,9,0.0047502368688583
68,1991,10,0.0071445633657276
69,1991,11,0.0042258342728018
70,1991,12,0.003585151862353
71,1992,1,0.0030639918986707
72,1992,2,0.0032682898454368
73,1992,3,0.0076556853018701
74,1992,4,0.0063180080614984
75,1992,5,0.0040700291283428
76,1992,6,0.0031665123533457
77,1992,7,0.0066642332822084
78,1992,8,0.0061378749087452
79,1992,9,0.0053003653883934
80,1992,10,0.0040995716117322
81,1992,11,0.0085636964067816
82,1992,12,0.0036733588203787
83,1993,1,0.0073071168735623
84,1993,2,0.0047670300118625
85,1993,3,0.0046037067659199
86,1993,4,0.0042314794845879
87,1993,5,0.003060191636905
88,1993,6,0.0107269519940019
89,1993,7,0.0086677568033337
90,1993,8,0.0061291074380278
91,1993,9,0.0063760625198483
92,1993,10,0.0046875509433448
93,1993,11,0.0047538802027702
94,1993,12,0.0035825138911604
95,1994,1,0.0062875947915017
96,1994,2,0.0045126266777515
97,1994,3,0.0051775467582047
98,1994,4,0.008592932485044
99,1994,5,0.0026404687669128
100,1994,6,0.0053826170042157
101,1994,7,0.0064437738619744
102,1994,8,0.0051267039962112
103,1994,9,0.0031806176993995
104,1994,10,0.0040971124544739
105,1994,11,0.0064894892275333
106,1994,12,0.005632119718939
107,1995,1,0.0061334432102739
108,1995,2,0.0028371720109134
109,1995,3,0.0025659699458628
110,1995,4,0.0063447719439864
111,1995,5,0.0068521830253303
112,1995,6,0.0044462587684392
113,1995,7,0.0073566422797739
114,1995,8,0.0076121562160551
115,1995,9,0.0022585052065551
116,1995,10,0.0032982709817588
117,1995,11,0.0089544467628002
118,1995,12,0.0065007484517991
119,1996,1,0.0101902224123478
120,1996,2,0.0081554604694247
121,1996,3,0.004358269739896
122,1996,4,0.0180526860058308
123,1996,5,0.0210504233837128
124,1996,6,0.0201598685234785
125,1996,7,0.0177461486309767
126,1996,8,0.0193767212331295
127,1996,9,0.0197177696973085
128,1996,10,0.0054900478571653
129,1996,11,0.0073055881075561
130,1996,12,0.0098632229492068
131,1997,1,0.0091828368604183
132,1997,2,0.0072787255048751
133,1997,3,0.0054367366246879
134,1997,4,0.0022623918484896
135,1997,5,0.0104349246248603
136,1997,6,0.0073511721566319
137,1997,7,0.008723990060389
138,1997,8,0.0044211857020854
139,1997,9,0.002294376026839
140,1997,10,0.0022782506421208
141,1997,11,0.0143231535330415
142,1997,12,0.021196810528636
143,1998,1,0.0199458580464125
144,1998,2,0.0197016336023808
145,1998,3,0.0222017746418715
146,1998,4,0.0225235410034657
147,1998,5,0.0192816033959389
148,1998,6,0.0212130136787891
149,1998,7,0.0203382726758718
150,1998,8,0.0216483362019062
151,1998,9,0.0180241018533707
152,1998,10,0.0178554132580757
153,1998,11,1.10127294063568
154,1998,12,0.947815418243408
155,1999,1,1.44249415397644
156,1999,2,1.01633167266846
157,1999,3,0.871977150440216
158,1999,4,1.41995930671692
159,1999,5,1.08871126174927
160,1999,6,1.68794786930084
161,1999,7,1.40515530109406
162,1999,8,1.39242732524872
163,1999,9,0.890339612960815
164,1999,10,0.929788172245026
165,1999,11,0.388811975717545
166,1999,12,0.105967648327351
167,2000,1,0.102084875106812
168,2000,2,0.411856591701508
169,2000,3,0.987383723258972
170,2000,4,0.913402557373047
171,2000,5,0.613929927349091
172,2000,6,0.0731119811534882
173,2000,7,0.001149735879153
174,2000,8,0.414256781339645
175,2000,9,2.00957918167114
176,2000,10,2.53665113449097
177,2000,11,3.29163885116577
178,2000,12,3.74750304222107
179,2001,1,4.79929494857788
180,2001,2,5.23483419418335
181,2001,3,5.56088304519653
182,2001,4,6.59376001358032
183,2001,5,6.68878507614136
184,2001,6,6.68925476074219
185,2001,7,6.7112398147583
186,2001,8,6.78462553024292
187,2001,9,6.75094938278198
188,2001,10,6.49407339096069
189,2001,11,5.55811405181885
190,2001,12,5.36607551574707
191,2002,1,5.38737916946411
192,2002,2,5.42164278030396
193,2002,3,5.40979909896851
194,2002,4,5.37947177886963
195,2002,5,4.95222616195679
196,2002,6,4.89166164398193
197,2002,7,4.98385238647461
198,2002,8,4.75195169448853
199,2002,9,4.59074211120605
200,2002,10,4.50779342651367
201,2002,11,3.00935339927673
202,2002,12,1.50608742237091
203,2003,1,1.49218475818634
204,2003,2,1.57765567302704
205,2003,3,1.70467758178711
206,2003,4,1.66711330413818
207,2003,5,1.32626092433929
208,2003,6,1.08644473552704
209,2003,7,1.13090312480927
210,2003,8,1.12978947162628
211,2003,9,1.1326858997345
212,2003,10,0.666529417037964
213,2003,11,0.339556038379669
214,2003,12,0.155400216579437
215,2004,1,0.362287700176239
216,2004,2,0.263066023588181
217,2004,3,0.614136874675751
218,2004,4,0.617980897426605
219,2004,5,0.812616407871246
220,2004,6,0.658173501491547
221,2004,7,0.690117120742798
222,2004,8,0.659906089305878
223,2004,9,0.623696327209473
224,2004,10,0.677471220493317
225,2004,11,0.655202984809875
226,2004,12,0.72075742483139
227,2005,1,0.724015355110168
228,2005,2,0.732369363307953
229,2005,3,0.635831594467163
230,2005,4,0.625261902809143
231,2005,5,0.644946455955505
232,2005,6,0.705054461956024
233,2005,7,0.810582935810089
234,2005,8,0.676035761833191
235,2005,9,0.708577215671539
236,2005,10,0.667025327682495
237,2005,11,0.768817126750946
238,2005,12,0.728944957256317
239,2006,1,0.749108850955963
240,2006,2,1.04398632049561
241,2006,3,1.30677604675293
242,2006,4,1.37283051013947
243,2006,5,1.40340960025787
244,2006,6,1.53345787525177
245,2006,7,2.04015207290649
246,2006,8,2.36859560012817
247,2006,9,2.30671882629395
248,2006,10,2.82579684257507
249,2006,11,2.66739177703857
250,2006,12,2.84344577789307
251,2007,1,2.97741985321045
252,2007,2,2.79265999794006
253,2007,3,4.10493612289429
254,2007,4,4.48291683197021
255,2007,5,4.67263031005859
256,2007,6,5.34459638595581
257,2007,7,5.47891092300415
258,2007,8,6.24098777770996
259,2007,9,6.03447008132935
260,2007,10,6.3521876335144
261,2007,11,6.52621364593506
262,2007,12,6.77768039703369
263,2008,1,7.13955593109131
264,2008,2,8.34756183624268
265,2008,3,9.14430618286133
266,2008,4,9.31935405731201
267,2008,5,9.96316909790039
268,2008,6,10.5071487426758
269,2008,7,10.6376953125
270,2008,8,11.8160905838013
271,2008,9,12.2221775054932
272,2008,10,12.2171669006348
273,2008,11,12.464467048645
274,2008,12,12.7267532348633
275,2009,1,12.8274707794189
276,2009,2,12.9369449615479
277,2009,3,12.9956588745117
278,2009,4,13.2653207778931
279,2009,5,13.4607095718384
280,2009,6,13.5115070343018
281,2009,7,13.5497665405273
282,2009,8,13.6605453491211
283,2009,9,13.6829271316528
284,2009,10,13.7148380279541
285,2009,11,13.9274654388428
286,2009,12,14.108603477478
287,2010,1,14.3635759353638
288,2010,2,14.622727394104
289,2010,3,15.1640338897705
290,2010,4,15.3916110992432
291,2010,5,15.7324094772339
292,2010,6,15.6436920166016
293,2010,7,15.6087665557861
294,2010,8,15.2910203933716
295,2010,9,15.6775674819946
296,2010,10,15.7248449325562
297,2010,11,15.9064588546753
298,2010,12,16.0415534973145
299,2011,1,16.2073059082031
300,2011,2,16.3644161224365
301,2011,3,16.3984184265137
302,2011,4,17.1254825592041
303,2011,5,19.307710647583
304,2011,6,20.3671550750732
305,2011,7,20.9839057922363
306,2011,8,23.50368309021
307,2011,9,23.8784770965576
308,2011,10,25.0741958618164
309,2011,11,25.9827690124512
310,2011,12,26.2507991790771
311,2012,1,26.2245197296143
312,2012,2,23.8346424102783
313,2012,3,21.1872081756592
314,2012,4,21.1501998901367
315,2012,5,21.152551651001
316,2012,6,21.0994892120361
317,2012,7,21.5010833740234
318,2012,8,21.671968460083
319,2012,9,20.8629875183105
320,2012,10,20.9899463653564
321,2012,11,21.308084487915
322,2012,12,20.5407123565674
323,2013,1,20.5039196014404
324,2013,2,20.9751014709473
325,2013,3,21.2641315460205
326,2013,4,21.2224960327148
327,2013,5,21.4364624023438
328,2013,6,21.5911102294922
329,2013,7,21.6618957519531
330,2013,8,21.8393535614014
331,2013,9,21.9492340087891
332,2013,10,22.4027881622314
333,2013,11,22.5378570556641
334,2013,12,22.4779949188232
335,2014,1,22.5814781188965
336,2014,2,23.1374263763428
337,2014,3,23.7760887145996
338,2014,4,23.6162090301514
339,2014,5,23.9587306976318
340,2014,6,24.0756168365479
341,2014,7,24.1219329833984
342,2014,8,24.3436737060547
343,2014,9,24.6451282501221
344,2014,10,24.8391304016113
345,2014,11,25.5380439758301
346,2014,12,26.4205017089844
347,2015,1,25.1005592346191
348,2015,2,24.8795337677002
349,2015,3,25.0090560913086
350,2015,4,25.0919456481934
351,2015,5,24.7374477386475
352,2015,6,24.5405178070068
353,2015,7,25.0831470489502
354,2015,8,25.7401599884033
355,2015,9,25.9375095367432
356,2015,10,26.4422931671143
357,2015,11,26.4984703063965
358,2015,12,26.8481903076172
359,2016,1,27.2961158752441
360,2016,2,27.3138847351074
361,2016,3,27.467565536499
362,2016,4,27.7867069244385
363,2016,5,27.6599502563477
364,2016,6,27.7148628234863
365,2016,7,27.7387542724609
366,2016,8,28.5084571838379
367,2016,9,29.0349292755127
368,2016,10,29.1352882385254
369,2016,11,29.1560459136963
370,2016,12,29.1940441131592
371,2017,1,29.067777633667
372,2017,2,29.2166557312012
373,2017,3,28.8956851959229
374,2017,4,29.2424964904785
375,2017,5,29.5511722564697
376,2017,6,29.9394302368164
377,2017,7,29.7863063812256
378,2017,8,30.3015823364258
379,2017,9,30.1419010162354
380,2017,10,30.292839050293
381,2017,11,30.2283782958984
382,2017,12,30.2930393218994
383,2018,1,30.3393535614014
384,2018,2,29.4828071594238
385,2018,3,29.6192283630371
386,2018,4,29.5734329223633
387,2018,5,29.7765502929688
388,2018,6,29.7435359954834
389,2018,7,29.7868118286133
390,2018,8,29.5479202270508
391,2018,9,29.6071071624756
392,2018,10,30.3811473846436
393,2018,11,31.00048828125
394,2018,12,31.2999019622803
395,2019,1,31.510950088501
396,2019,2,31.4010543823242
397,2019,3,31.3734722137451
398,2019,4,31.1556587219238
399,2019,5,31.4088478088379
400,2019,6,31.2705554962158
401,2019,7,31.0794639587402
402,2019,8,31.2504272460938
403,2019,9,31.1500034332275
404,2019,10,31.1623153686523
405,2019,11,31.0308265686035
406,2019,12,31.0608081817627
407,2020,1,31.214994430542
408,2020,2,30.9667930603027
409,2020,3,30.8833236694336
410,2020,4,30.9440765380859
411,2020,5,30.8091640472412
412,2020,6,30.7554531097412
413,2020,7,30.7060031890869
414,2020,8,30.5991668701172
415,2020,9,30.5549049377441
416,2020,10,30.3108215332031
417,2020,11,30.3990421295166
418,2021,12,32.98883650706102
419,2022,12,34.8341685926496
420,2023,12,36.75100507311706
421,2024,12,38.76521842761428
422,2025,12,40.89584618922231
