,Year,Month,Conc
0,1986,2,1.24469482898712
1,1986,3,1.2268294095993
2,1986,4,1.2285248041153
3,1986,5,1.20578038692474
4,1986,6,1.20069122314453
5,1986,7,1.20150244235992
6,1986,8,1.20093333721161
7,1986,9,1.21445298194885
8,1986,10,1.19812071323395
9,1986,11,1.19558477401733
10,1986,12,1.19523513317108
11,1987,1,1.19235122203827
12,1987,2,1.18970274925232
13,1987,3,1.19496715068817
14,1987,4,1.19415247440338
15,1987,5,1.19420945644379
16,1987,6,1.20219695568085
17,1987,7,1.20210576057434
18,1987,8,1.20917952060699
19,1987,9,1.2019157409668
20,1987,10,1.19691860675812
21,1987,11,1.20378243923187
22,1987,12,1.21198976039886
23,1988,1,1.19570755958557
24,1988,2,1.19958651065826
25,1988,3,1.19840955734253
26,1988,4,1.2133092880249
27,1988,5,1.20580148696899
28,1988,6,1.20135998725891
29,1988,7,1.21183800697327
30,1988,8,1.21973264217377
31,1988,9,1.21140015125275
32,1988,10,1.21467936038971
33,1988,11,1.21862828731537
34,1988,12,1.21610975265503
35,1989,1,1.21516501903534
36,1989,2,1.21348547935486
37,1989,3,1.21840679645538
38,1989,4,1.22009527683258
39,1989,5,1.22490882873535
40,1989,6,1.23469913005829
41,1989,7,1.23060023784637
42,1989,8,1.23526096343994
43,1989,9,1.24175429344177
44,1989,10,1.23731470108032
45,1989,11,1.24513483047485
46,1989,12,1.24563026428223
47,1990,1,1.26301717758179
48,1990,2,1.28702855110168
49,1990,3,1.28469216823578
50,1990,4,1.30621099472046
51,1990,5,1.3472226858139
52,1990,6,1.39818203449249
53,1990,7,1.40053272247314
54,1990,8,1.39099931716919
55,1990,9,1.37824046611786
56,1990,10,1.36487281322479
57,1990,11,1.33675217628479
58,1990,12,1.33696043491364
59,1991,1,1.32174706459045
60,1991,2,1.28708052635193
61,1991,3,1.28297579288483
62,1991,4,1.28897798061371
63,1991,5,1.28212010860443
64,1991,6,1.27604615688324
65,1991,7,1.27486431598663
66,1991,8,1.25337719917297
67,1991,9,1.22848081588745
68,1991,10,1.23390460014343
69,1991,11,1.2218005657196
70,1991,12,1.21307098865509
71,1992,1,1.19744443893433
72,1992,2,1.17567622661591
73,1992,3,1.17992651462555
74,1992,4,1.17656111717224
75,1992,5,1.1699686050415
76,1992,6,1.17897307872772
77,1992,7,1.19420099258423
78,1992,8,1.20453190803528
79,1992,9,1.20709216594696
80,1992,10,1.19183588027954
81,1992,11,1.1925710439682
82,1992,12,1.18601381778717
83,1993,1,1.19007241725922
84,1993,2,1.18147468566895
85,1993,3,1.18231987953186
86,1993,4,1.18008935451508
87,1993,5,1.18061375617981
88,1993,6,1.18781888484955
89,1993,7,1.15169298648834
90,1993,8,1.16197752952576
91,1993,9,1.16543519496918
92,1993,10,1.1611008644104
93,1993,11,1.15162479877472
94,1993,12,1.1594250202179
95,1994,1,1.18058717250824
96,1994,2,1.17134368419647
97,1994,3,1.17134976387024
98,1994,4,1.17804491519928
99,1994,5,1.16920399665833
100,1994,6,1.17528712749481
101,1994,7,1.16771245002747
102,1994,8,1.15780138969421
103,1994,9,1.15092837810516
104,1994,10,1.1455420255661
105,1994,11,1.1490466594696
106,1994,12,1.1437736749649
107,1995,1,1.14498150348663
108,1995,2,1.14392292499542
109,1995,3,1.14496946334839
110,1995,4,1.15299952030182
111,1995,5,1.15339756011963
112,1995,6,1.15324461460114
113,1995,7,1.15750217437744
114,1995,8,1.15694522857666
115,1995,9,1.16453278064728
116,1995,10,1.1971138715744
117,1995,11,1.22505223751068
118,1995,12,1.22864472866058
119,1996,1,1.22662174701691
120,1996,2,1.23179948329926
121,1996,3,1.23531007766724
122,1996,4,1.77555274963379
123,1996,5,1.72702932357788
124,1996,6,1.82984805107117
125,1996,7,1.90121114253998
126,1996,8,1.91983246803284
127,1996,9,2.11606478691101
128,1996,10,2.02918648719788
129,1996,11,1.88435292243958
130,1996,12,1.9767142534256
131,1997,1,1.93195271492004
132,1997,2,2.13228845596313
133,1997,3,1.9343249797821
134,1997,4,1.87298393249512
135,1997,5,3.04163932800293
136,1997,6,3.77342820167542
137,1997,7,3.56596732139587
138,1997,8,3.8637912273407
139,1997,9,4.02611494064331
140,1997,10,4.11668968200684
141,1997,11,4.24109649658203
142,1997,12,4.3428373336792
143,1998,1,4.40010833740234
144,1998,2,4.41540861129761
145,1998,3,4.45847606658936
146,1998,4,4.48391771316528
147,1998,5,4.60989475250244
148,1998,6,4.69457674026489
149,1998,7,5.27623605728149
150,1998,8,5.56620454788208
151,1998,9,5.39856719970703
152,1998,10,5.80443143844604
153,1998,11,5.61604356765747
154,1998,12,5.47603893280029
155,1999,1,5.47238302230835
156,1999,2,5.57215976715088
157,1999,3,5.71611547470093
158,1999,4,5.64756011962891
159,1999,5,5.95163249969482
160,1999,6,5.98479986190796
161,1999,7,6.0003457069397
162,1999,8,6.04174041748047
163,1999,9,6.0207724571228
164,1999,10,6.02261447906494
165,1999,11,6.11148071289062
166,1999,12,6.13120985031128
167,2000,1,6.55001878738403
168,2000,2,6.58756351470947
169,2000,3,6.73342323303223
170,2000,4,6.80413055419922
171,2000,5,6.59052610397339
172,2000,6,6.64816665649414
173,2000,7,6.46834945678711
174,2000,8,6.43824911117554
175,2000,9,6.03530216217041
176,2000,10,6.30274534225464
177,2000,11,6.54940271377563
178,2000,12,6.26203346252441
179,2001,1,6.35802173614502
180,2001,2,5.42136096954346
181,2001,3,4.57219123840332
182,2001,4,4.20685863494873
183,2001,5,4.28334665298462
184,2001,6,4.33224630355835
185,2001,7,4.32440710067749
186,2001,8,2.88165307044983
187,2001,9,2.37470769882202
188,2001,10,1.70224714279175
189,2001,11,2.44043731689453
190,2001,12,2.44638848304749
191,2002,1,2.52886962890625
192,2002,2,2.54389953613281
193,2002,3,1.73790919780731
194,2002,4,1.52825284004211
195,2002,5,1.5221289396286
196,2002,6,1.68571794033051
197,2002,7,2.14393424987793
198,2002,8,2.13652324676514
199,2002,9,2.16187691688538
200,2002,10,2.21921467781067
201,2002,11,2.27518773078918
202,2002,12,2.28786444664001
203,2003,1,2.33642601966858
204,2003,2,2.33603596687317
205,2003,3,2.31672835350037
206,2003,4,2.23052644729614
207,2003,5,2.21316885948181
208,2003,6,2.24300813674927
209,2003,7,2.18801045417786
210,2003,8,2.15193057060242
211,2003,9,2.13086748123169
212,2003,10,2.0930323600769
213,2003,11,2.08152556419373
214,2003,12,2.1579761505127
215,2004,1,2.14217901229858
216,2004,2,2.14705467224121
217,2004,3,2.14412951469421
218,2004,4,2.15056538581848
219,2004,5,2.1197509765625
220,2004,6,2.13457298278809
221,2004,7,2.12248134613037
222,2004,8,2.14588475227356
223,2004,9,2.14685988426208
224,2004,10,2.14120388031006
225,2004,11,2.15154027938843
226,2004,12,2.14334917068481
227,2005,1,2.15622091293335
228,2005,2,2.19054579734802
229,2005,3,2.22545576095581
230,2005,4,2.23403692245483
231,2005,5,2.23052644729614
232,2005,6,2.20634293556213
233,2005,7,2.29034495353699
234,2005,8,3.0230348110199
235,2005,9,2.97984933853149
236,2005,10,3.01246619224548
237,2005,11,2.20498108863831
238,2005,12,1.98791253566742
239,2006,1,2.1466646194458
240,2006,2,2.20712327957153
241,2006,3,2.2852795124054
242,2006,4,2.2891993522644
243,2006,5,2.56255984306335
244,2006,6,2.96637272834778
245,2006,7,2.84145092964172
246,2006,8,2.79366970062256
247,2006,9,2.16091132164001
248,2006,10,2.14783477783203
249,2006,11,2.06455826759338
250,2006,12,2.057537317276
251,2007,1,2.14607954025269
252,2007,2,2.23754739761353
253,2007,3,2.17669892311096
254,2007,4,2.11136484146118
255,2007,5,2.112144947052
256,2007,6,2.07528471946716
257,2007,7,2.02165222167969
258,2007,8,2.00878047943115
259,2007,9,2.03237867355347
260,2007,10,1.98869252204895
261,2007,11,1.89962375164032
262,2007,12,3.10178732872009
263,2008,1,3.74344873428345
264,2008,2,4.13810157775879
265,2008,3,4.18642663955688
266,2008,4,4.27753353118896
267,2008,5,4.25525808334351
268,2008,6,4.28943300247192
269,2008,7,4.27041864395142
270,2008,8,4.22017574310303
271,2008,9,4.17257499694824
272,2008,10,4.13115310668945
273,2008,11,4.03963851928711
274,2008,12,4.02957582473755
275,2009,1,4.02566528320312
276,2009,2,3.97361350059509
277,2009,3,3.87484645843506
278,2009,4,3.83449053764343
279,2009,5,3.80548810958862
280,2009,6,3.64939832687378
281,2009,7,3.38027000427246
282,2009,8,3.10808491706848
283,2009,9,3.37652373313904
284,2009,10,3.69992208480835
285,2009,11,4.22168636322021
286,2009,12,4.12381076812744
287,2010,1,4.08683252334595
288,2010,2,4.04742383956909
289,2010,3,4.0179877281189
290,2010,4,3.97861242294312
291,2010,5,3.9628381729126
292,2010,6,3.92471480369568
293,2010,7,3.93360710144043
294,2010,8,3.93925213813782
295,2010,9,3.79805564880371
296,2010,10,3.77633428573608
297,2010,11,3.76006627082825
298,2010,12,3.75037360191345
299,2011,1,3.72333574295044
300,2011,2,3.71809029579163
301,2011,3,3.6833963394165
302,2011,4,3.64366459846497
303,2011,5,3.50517582893372
304,2011,6,2.94663143157959
305,2011,7,2.20364379882812
306,2011,8,2.16502380371094
307,2011,9,2.09689331054688
308,2011,10,2.10545921325684
309,2011,11,2.04489970207214
310,2011,12,2.02263832092285
311,2012,1,2.04400634765625
312,2012,2,2.36157917976379
313,2012,3,3.67337417602539
314,2012,4,6.86989736557007
315,2012,5,7.58514738082886
316,2012,6,7.58867406845093
317,2012,7,7.45371627807617
318,2012,8,7.46951484680176
319,2012,9,7.85800933837891
320,2012,10,7.34180688858032
321,2012,11,7.31508255004883
322,2012,12,7.79289770126343
323,2013,1,8.46922206878662
324,2013,2,8.71721649169922
325,2013,3,9.32797145843506
326,2013,4,9.26564025878906
327,2013,5,9.20714569091797
328,2013,6,8.94305038452148
329,2013,7,7.93284893035889
330,2013,8,5.23980236053467
331,2013,9,5.30162382125854
332,2013,10,5.23244762420654
333,2013,11,5.21713161468506
334,2013,12,5.19402265548706
335,2014,1,5.2074122428894
336,2014,2,5.21808624267578
337,2014,3,5.19804859161377
338,2014,4,6.54935073852539
339,2014,5,7.21013593673706
340,2014,6,7.10948133468628
341,2014,7,7.39978694915771
342,2014,8,7.4908709526062
343,2014,9,7.60631036758423
344,2014,10,7.80302381515503
345,2014,11,7.34581327438354
346,2014,12,7.36912155151367
347,2015,1,7.44533777236938
348,2015,2,7.48828983306885
349,2015,3,7.3413405418396
350,2015,4,7.33478546142578
351,2015,5,7.10772323608398
352,2015,6,7.3828387260437
353,2015,7,7.84477949142456
354,2015,8,7.67456388473511
355,2015,9,8.23227024078369
356,2015,10,9.23455810546875
357,2015,11,9.88742923736572
358,2015,12,8.59984874725342
359,2016,1,9.07877254486084
360,2016,2,9.33421230316162
361,2016,3,9.24435138702393
362,2016,4,9.61129951477051
363,2016,5,10.0064163208008
364,2016,6,10.0392112731934
365,2016,7,10.3076066970825
366,2016,8,10.3232774734497
367,2016,9,10.4422149658203
368,2016,10,10.5902166366577
369,2016,11,10.0830125808716
370,2016,12,10.1323518753052
371,2017,1,10.1099452972412
372,2017,2,9.99870872497559
373,2017,3,10.0200805664062
374,2017,4,9.98834991455078
375,2017,5,9.98755741119385
376,2017,6,9.33917713165283
377,2017,7,9.24427509307861
378,2017,8,9.09801864624023
379,2017,9,9.11738300323486
380,2017,10,9.00745105743408
381,2017,11,9.01464176177979
382,2017,12,9.11057567596436
383,2018,1,9.00811100006104
384,2018,2,9.11765289306641
385,2018,3,8.92787933349609
386,2018,4,8.91248512268066
387,2018,5,8.93230819702148
388,2018,6,8.82534313201904
389,2018,7,8.85767650604248
390,2018,8,8.90506744384766
391,2018,9,8.87674903869629
392,2018,10,8.85419750213623
393,2018,11,8.93157577514648
394,2018,12,8.89266681671143
395,2019,1,8.89932632446289
396,2019,2,8.97852420806885
397,2019,3,8.87081336975098
398,2019,4,8.83856678009033
399,2019,5,8.79228019714355
400,2019,6,8.78536891937256
401,2019,7,8.82974529266357
402,2019,8,8.77925968170166
403,2019,9,8.80839157104492
404,2019,10,8.78760242462158
405,2019,11,8.85628890991211
406,2019,12,8.85683155059814
407,2020,1,8.80738735198975
408,2020,2,8.82539558410645
409,2020,3,8.82341289520264
410,2020,4,8.7720890045166
411,2020,5,8.77619934082031
412,2020,6,8.76419734954834
413,2020,7,8.76634216308594
414,2020,8,8.76177597045898
415,2020,9,8.76582813262939
416,2020,10,8.75031852722168
417,2020,11,8.77055358886719
418,2021,12,9.255100272447615
419,2022,12,9.70770895829811
420,2023,12,10.1099452972412
421,2024,12,10.1099452972412
422,2025,12,10.1099452972412
