,Year,Month,Conc
0,1986,2,13.9040641784668
1,1986,3,13.8544054031372
2,1986,4,13.8679752349854
3,1986,5,13.8475761413574
4,1986,6,13.83704662323
5,1986,7,13.8649349212646
6,1986,8,13.8644456863403
7,1986,9,13.8699541091919
8,1986,10,13.8298511505127
9,1986,11,13.8504047393799
10,1986,12,13.8430099487305
11,1987,1,13.84033203125
12,1987,2,13.8277082443237
13,1987,3,13.8478899002075
14,1987,4,13.8441705703735
15,1987,5,13.8490495681763
16,1987,6,13.8650455474854
17,1987,7,13.873423576355
18,1987,8,13.8710536956787
19,1987,9,13.8692846298218
20,1987,10,13.8585443496704
21,1987,11,13.8803424835205
22,1987,12,13.9219589233398
23,1988,1,13.8738307952881
24,1988,2,13.9163131713867
25,1988,3,13.9015798568726
26,1988,4,13.9669275283813
27,1988,5,13.9943342208862
28,1988,6,13.9975452423096
29,1988,7,14.0201902389526
30,1988,8,14.0639200210571
31,1988,9,14.002480506897
32,1988,10,14.024299621582
33,1988,11,14.0429725646973
34,1988,12,14.0855655670166
35,1989,1,14.0912933349609
36,1989,2,14.0759944915771
37,1989,3,14.0979804992676
38,1989,4,14.1732912063599
39,1989,5,14.1713237762451
40,1989,6,14.2159929275513
41,1989,7,14.1958799362183
42,1989,8,14.1893701553345
43,1989,9,14.2155284881592
44,1989,10,14.2389688491821
45,1989,11,14.2686204910278
46,1989,12,14.3160610198975
47,1990,1,14.3724756240845
48,1990,2,14.4889879226685
49,1990,3,14.5056467056274
50,1990,4,14.5505285263062
51,1990,5,14.5367879867554
52,1990,6,14.5864019393921
53,1990,7,14.6276168823242
54,1990,8,14.5753707885742
55,1990,9,14.6409797668457
56,1990,10,14.6047601699829
57,1990,11,14.6917409896851
58,1990,12,14.8551692962646
59,1991,1,14.7757301330566
60,1991,2,14.5563898086548
61,1991,3,14.5906600952148
62,1991,4,14.635082244873
63,1991,5,14.6630983352661
64,1991,6,14.606219291687
65,1991,7,14.5472860336304
66,1991,8,14.1361103057861
67,1991,9,13.8702363967896
68,1991,10,13.8928594589233
69,1991,11,14.0236444473267
70,1991,12,13.9829444885254
71,1992,1,14.0881805419922
72,1992,2,14.2103986740112
73,1992,3,14.2008571624756
74,1992,4,14.2143650054932
75,1992,5,14.237494468689
76,1992,6,14.1224527359009
77,1992,7,14.0818862915039
78,1992,8,14.2074699401855
79,1992,9,14.198823928833
80,1992,10,14.1828260421753
81,1992,11,14.2034482955933
82,1992,12,14.3492383956909
83,1993,1,14.3977212905884
84,1993,2,14.4270868301392
85,1993,3,14.5788898468018
86,1993,4,14.6635360717773
87,1993,5,14.7907085418701
88,1993,6,14.9369945526123
89,1993,7,15.0380344390869
90,1993,8,15.0827054977417
91,1993,9,14.8658866882324
92,1993,10,14.893027305603
93,1993,11,14.6728620529175
94,1993,12,14.8290996551514
95,1994,1,14.9811429977417
96,1994,2,14.9949131011963
97,1994,3,14.9924802780151
98,1994,4,14.9394559860229
99,1994,5,14.8821582794189
100,1994,6,14.7553701400757
101,1994,7,14.7550392150879
102,1994,8,14.7314109802246
103,1994,9,14.7368793487549
104,1994,10,14.730676651001
105,1994,11,14.5662956237793
106,1994,12,14.4984788894653
107,1995,1,14.5012378692627
108,1995,2,14.5088577270508
109,1995,3,14.4897108078003
110,1995,4,14.4965867996216
111,1995,5,14.9490070343018
112,1995,6,14.9730834960938
113,1995,7,15.0077123641968
114,1995,8,14.9807405471802
115,1995,9,15.2321004867554
116,1995,10,15.7731733322144
117,1995,11,15.8050298690796
118,1995,12,15.65700340271
119,1996,1,15.6457853317261
120,1996,2,15.710205078125
121,1996,3,15.7658958435059
122,1996,4,16.5272159576416
123,1996,5,16.8125
124,1996,6,16.9428386688232
125,1996,7,16.7915878295898
126,1996,8,16.7691555023193
127,1996,9,17.6487255096436
128,1996,10,18.0005187988281
129,1996,11,16.9919452667236
130,1996,12,16.8578853607178
131,1997,1,16.8202419281006
132,1997,2,16.8558540344238
133,1997,3,17.8786277770996
134,1997,4,16.7352771759033
135,1997,5,16.7743282318115
136,1997,6,18.8313808441162
137,1997,7,18.4198780059814
138,1997,8,16.9212627410889
139,1997,9,4.30919504165649
140,1997,10,0.777748227119446
141,1997,11,0.759789824485779
142,1997,12,0.765139400959015
143,1998,1,0.768341243267059
144,1998,2,0.769371271133423
145,1998,3,0.774029314517975
146,1998,4,0.792991876602173
147,1998,5,0.813141763210297
148,1998,6,0.875631809234619
149,1998,7,1.64653754234314
150,1998,8,8.95460319519043
151,1998,9,16.0559635162354
152,1998,10,30.1477184295654
153,1998,11,30.7848606109619
154,1998,12,30.8426609039307
155,1999,1,31.0793952941895
156,1999,2,37.8707046508789
157,1999,3,43.3892936706543
158,1999,4,44.3516883850098
159,1999,5,45.1777572631836
160,1999,6,45.1827163696289
161,1999,7,45.1541404724121
162,1999,8,45.5800743103027
163,1999,9,45.713680267334
164,1999,10,45.5465431213379
165,1999,11,45.4139366149902
166,1999,12,45.295036315918
167,2000,1,44.8956527709961
168,2000,2,44.7168388366699
169,2000,3,44.2993583679199
170,2000,4,44.414363861084
171,2000,5,45.507007598877
172,2000,6,46.1283340454102
173,2000,7,45.7211494445801
174,2000,8,45.7368774414062
175,2000,9,45.9309196472168
176,2000,10,46.6845397949219
177,2000,11,46.3538551330566
178,2000,12,46.5150375366211
179,2001,1,46.9868125915527
180,2001,2,48.4184875488281
181,2001,3,48.7163772583008
182,2001,4,47.7830238342285
183,2001,5,46.9944725036621
184,2001,6,46.2654495239258
185,2001,7,46.1861801147461
186,2001,8,46.2597808837891
187,2001,9,47.2223281860352
188,2001,10,47.9790687561035
189,2001,11,48.3646469116211
190,2001,12,49.5316314697266
191,2002,1,49.5833702087402
192,2002,2,50.0796127319336
193,2002,3,51.8237342834473
194,2002,4,51.6793060302734
195,2002,5,50.1203346252441
196,2002,6,49.8225555419922
197,2002,7,49.0778007507324
198,2002,8,48.8670959472656
199,2002,9,48.6090469360352
200,2002,10,47.9866561889648
201,2002,11,46.3820838928223
202,2002,12,46.0836067199707
203,2003,1,46.167064666748
204,2003,2,46.2407875061035
205,2003,3,47.0796279907227
206,2003,4,47.4316329956055
207,2003,5,46.573169708252
208,2003,6,40.7799415588379
209,2003,7,35.0319786071777
210,2003,8,35.5596580505371
211,2003,9,36.0177383422852
212,2003,10,35.9647064208984
213,2003,11,35.6421813964844
214,2003,12,35.5616340637207
215,2004,1,35.5105438232422
216,2004,2,35.1591606140137
217,2004,3,34.921573638916
218,2004,4,34.4732437133789
219,2004,5,34.3724136352539
220,2004,6,34.0211410522461
221,2004,7,33.877815246582
222,2004,8,33.281665802002
223,2004,9,32.8886566162109
224,2004,10,32.6853446960449
225,2004,11,32.5938453674316
226,2004,12,31.4085865020752
227,2005,1,31.2079811096191
228,2005,2,30.7484607696533
229,2005,3,30.1702346801758
230,2005,4,29.8690738677979
231,2005,5,29.8155574798584
232,2005,6,29.7780799865723
233,2005,7,30.0496826171875
234,2005,8,30.0012702941895
235,2005,9,30.0022735595703
236,2005,10,29.9366703033447
237,2005,11,30.034948348999
238,2005,12,30.166618347168
239,2006,1,30.3650703430176
240,2006,2,30.555757522583
241,2006,3,30.7277793884277
242,2006,4,30.5933971405029
243,2006,5,31.0411567687988
244,2006,6,31.1000461578369
245,2006,7,30.9051380157471
246,2006,8,31.4617385864258
247,2006,9,32.1275939941406
248,2006,10,32.8312339782715
249,2006,11,33.5657615661621
250,2006,12,34.1591453552246
251,2007,1,34.7602729797363
252,2007,2,35.5035400390625
253,2007,3,36.0898056030273
254,2007,4,37.0241088867188
255,2007,5,37.6505012512207
256,2007,6,38.1240692138672
257,2007,7,38.2142143249512
258,2007,8,38.4297065734863
259,2007,9,38.5412139892578
260,2007,10,39.6577987670898
261,2007,11,41.9361343383789
262,2007,12,42.973991394043
263,2008,1,42.87646484375
264,2008,2,42.8710632324219
265,2008,3,43.0879325866699
266,2008,4,43.1949234008789
267,2008,5,43.2420501708984
268,2008,6,43.3788146972656
269,2008,7,43.2545318603516
270,2008,8,43.1769409179688
271,2008,9,43.2712135314941
272,2008,10,43.4452209472656
273,2008,11,43.5319213867188
274,2008,12,43.7028579711914
275,2009,1,43.8687896728516
276,2009,2,44.2658767700195
277,2009,3,44.5360946655273
278,2009,4,44.8748626708984
279,2009,5,44.9152412414551
280,2009,6,45.3200569152832
281,2009,7,45.5299301147461
282,2009,8,46.2492866516113
283,2009,9,46.4187240600586
284,2009,10,46.546516418457
285,2009,11,46.5203399658203
286,2009,12,46.618522644043
287,2010,1,46.6428031921387
288,2010,2,46.8272590637207
289,2010,3,46.9564399719238
290,2010,4,47.132080078125
291,2010,5,47.2712898254395
292,2010,6,47.5259704589844
293,2010,7,47.2566375732422
294,2010,8,47.6251792907715
295,2010,9,47.9694671630859
296,2010,10,48.7174987792969
297,2010,11,49.3207702636719
298,2010,12,49.489143371582
299,2011,1,50.1379432678223
300,2011,2,51.5492935180664
301,2011,3,51.8273162841797
302,2011,4,52.1785545349121
303,2011,5,52.2622375488281
304,2011,6,52.2453117370605
305,2011,7,52.6694869995117
306,2011,8,51.9691734313965
307,2011,9,51.9020195007324
308,2011,10,52.0223808288574
309,2011,11,52.0154724121094
310,2011,12,52.0918807983398
311,2012,1,51.5981903076172
312,2012,2,51.3778381347656
313,2012,3,51.1979026794434
314,2012,4,51.0380668640137
315,2012,5,50.6882286071777
316,2012,6,50.4806976318359
317,2012,7,50.5176277160645
318,2012,8,50.515926361084
319,2012,9,49.9734344482422
320,2012,10,49.704948425293
321,2012,11,49.3355674743652
322,2012,12,49.4263229370117
323,2013,1,49.7894821166992
324,2013,2,49.8650817871094
325,2013,3,49.7796897888184
326,2013,4,49.8164100646973
327,2013,5,49.8315010070801
328,2013,6,49.8355674743652
329,2013,7,49.6677055358887
330,2013,8,49.5394439697266
331,2013,9,49.4010848999023
332,2013,10,49.2413139343262
333,2013,11,49.1201362609863
334,2013,12,49.1413993835449
335,2014,1,49.2345123291016
336,2014,2,49.2957611083984
337,2014,3,49.2340278625488
338,2014,4,49.0473365783691
339,2014,5,49.1372947692871
340,2014,6,49.0373344421387
341,2014,7,49.0371894836426
342,2014,8,48.8745803833008
343,2014,9,48.5901260375977
344,2014,10,48.4937858581543
345,2014,11,48.4237022399902
346,2014,12,47.9813232421875
347,2015,1,47.9365577697754
348,2015,2,47.9317245483398
349,2015,3,47.8715515136719
350,2015,4,47.8786125183105
351,2015,5,47.8965911865234
352,2015,6,47.854061126709
353,2015,7,47.7810897827148
354,2015,8,47.6120300292969
355,2015,9,47.6093559265137
356,2015,10,47.540699005127
357,2015,11,47.6026649475098
358,2015,12,47.419189453125
359,2016,1,47.2693099975586
360,2016,2,47.0176467895508
361,2016,3,46.8702392578125
362,2016,4,46.4573593139648
363,2016,5,45.8090400695801
364,2016,6,45.7326812744141
365,2016,7,45.6848831176758
366,2016,8,45.5530815124512
367,2016,9,45.3435173034668
368,2016,10,45.3522567749023
369,2016,11,45.264892578125
370,2016,12,45.0662574768066
371,2017,1,44.7980155944824
372,2017,2,44.4373931884766
373,2017,3,44.4224700927734
374,2017,4,44.4442825317383
375,2017,5,44.3361968994141
376,2017,6,44.2363357543945
377,2017,7,44.1594657897949
378,2017,8,43.7615013122559
379,2017,9,43.7553215026855
380,2017,10,43.7275695800781
381,2017,11,43.609619140625
382,2017,12,43.5412216186523
383,2018,1,43.3974800109863
384,2018,2,43.450309753418
385,2018,3,43.2024154663086
386,2018,4,43.2001647949219
387,2018,5,43.2002601623535
388,2018,6,43.0707626342773
389,2018,7,43.0974540710449
390,2018,8,43.2908744812012
391,2018,9,43.2345809936523
392,2018,10,43.0982704162598
393,2018,11,43.2163162231445
394,2018,12,43.3684577941895
395,2019,1,43.2637062072754
396,2019,2,43.263298034668
397,2019,3,43.1664237976074
398,2019,4,43.302791595459
399,2019,5,43.5707817077637
400,2019,6,43.7120246887207
401,2019,7,43.750659942627
402,2019,8,43.6716194152832
403,2019,9,43.9581336975098
404,2019,10,43.8841972351074
405,2019,11,44.0739288330078
406,2019,12,44.0541496276855
407,2020,1,44.0897331237793
408,2020,2,44.1088218688965
409,2020,3,44.2244758605957
410,2020,4,44.2901954650879
411,2020,5,44.2742042541504
412,2020,6,44.2296562194824
413,2020,7,44.2215614318848
414,2020,8,44.2163848876953
415,2020,9,44.2563934326172
416,2020,10,44.2950248718262
417,2020,11,44.2798461914062
418,2021,12,47.2116928111356
419,2022,12,47.525367905530004
420,2023,12,47.83904299992441
421,2024,12,48.19937214023732
422,2025,12,48.401651882691134
